#ID	transcript_length	peptide_length	Fickett_score	pI	ORF_integrity	ORF_Start	coding_probability	label
ENST00000444793.1	1612	52	0.31369	9.663504600524902	1	1367	0.0223498	noncoding
ENST00000667968.2	690	121	0.39071999999999996	11.322727394104007	1	57	0.419167	noncoding
SRR31451020.248540	693	68	0.35201000000000005	6.491490364074706	-1	488	0.0464574	noncoding
ENST00000377614.7	1426	98	0.35148	8.886660575866703	1	303	0.153669	noncoding
ENST00000514120.2	1218	98	0.36117	8.886660575866703	1	6	0.172946	noncoding
ENST00000402994.2	1294	104	0.30603	8.515193748474118	1	6	0.117704	noncoding
SRR31451021.80505	572	58	0.43597	4.508832740783691	1	14	0.136474	noncoding
SRR31451027.223079	700	65	0.41673000000000004	5.562286567687988	1	35	0.102681	noncoding
SRR31451038.26607	835	137	0.42492	5.566549491882324	1	87	0.933915	coding
ENST00000445695.1	655	65	0.42368999999999996	5.562286567687988	1	346	0.108974	noncoding
ENST00000427259.1	730	23	0.42566	4.68656826019287	1	626	0.0119888	noncoding
ENST00000443631.2	559	54	0.35048999999999997	10.806142234802245	1	203	0.0338063	noncoding
ENST00000665063.2	737	92	0.35193	8.934689521789554	1	55	0.122353	noncoding
SRR31451027.181612	378	22	0.44808	9.496338081359863	1	113	0.0139199	noncoding
ENST00000663000.1	2434	68	0.28187	8.63581409454346	1	1311	0.0316561	noncoding
SRR31451022.61721	731	51	0.42184999999999995	8.02420253753662	1	384	0.0335609	noncoding
SRR31451025.275175	347	38	0.43657999999999997	11.999967765808105	1	53	0.0368034	noncoding
SRR31451025.754	1098	115	0.33807	9.331943702697757	1	435	0.233242	noncoding
ENST00000663097.1	525	115	0.37097	9.331943702697757	1	87	0.350782	noncoding
ENST00000436596.2	907	62	0.29056000000000004	9.689485359191895	1	628	0.0301693	noncoding
SRR31451036.166390	469	62	0.40159	9.689485359191895	1	190	0.064414	noncoding
SRR31451025.47028	428	62	0.36859	9.689485359191895	1	149	0.045585	noncoding
SRR31451039.110407	363	62	0.34867000000000004	9.689485359191895	1	84	0.0385981	noncoding
ENST00000416970.5	783	68	0.245	5.082224464416503	1	196	0.186649	noncoding
ENST00000653276.1	898	115	0.32666	9.331943702697757	1	460	0.202171	noncoding
SRR31451025.35784	857	115	0.34751	9.331943702697757	1	419	0.262787	noncoding
ENST00000496793.3	1118	177	0.38501	7.7549642562866214	1	251	0.96036	coding
ENST00000371417.4	1392	177	0.37934	7.7549642562866214	1	560	0.954361	coding
ENST00000414949.2	692	95	0.46424999999999994	6.411461067199707	1	214	0.454861	noncoding
ENST00000602810.2	834	49	0.35453999999999997	11.897205162048337	1	297	0.0267925	noncoding
SRR31451020.361240	3032	80	0.27575000000000005	11.480223655700684	1	69	0.0553234	noncoding
SRR31451019.11308	1316	61	0.31897000000000003	9.666792488098146	1	428	0.0309795	noncoding
ENST00000607333.2	709	70	0.40003	10.146566200256348	1	257	0.096107	noncoding
ENST00000375641.6	602	76	0.28503	5.7802640914916985	1	277	0.0779018	noncoding
ENST00000375638.7	840	76	0.30916	5.7802640914916985	1	512	0.0710881	noncoding
ENST00000375635.6	596	76	0.32598	5.7802640914916985	1	271	0.0739934	noncoding
ENST00000375640.7	739	76	0.32421	5.7802640914916985	1	414	0.0734347	noncoding
ENST00000648677.1	698	76	0.35428000000000004	5.7802640914916985	1	373	0.0907203	noncoding
SRR31451020.57917	638	124	0.34574000000000005	8.36459560394287	1	17	0.361881	noncoding
ENST00000614363.4	733	76	0.31785	5.7802640914916985	1	408	0.0719091	noncoding
SRR31451038.15776	827	76	0.30916	5.7802640914916985	1	502	0.0710881	noncoding
SRR31451026.45807	535	76	0.32663	5.7802640914916985	1	210	0.0742131	noncoding
SRR31451021.39799	553	58	0.35492	9.617667579650881	1	21	0.0339572	noncoding
SRR31451020.96988	409	38	0.368	5.9257719039916985	1	177	0.0113504	noncoding
SRR31451029.157277	589	79	0.48866999999999994	7.806492805480957	1	31	0.264276	noncoding
ENST00000701517.1	2973	50	0.30777	5.464011955261231	1	1034	0.0227421	noncoding
ENST00000399027.3	1001	38	0.29686999999999997	9.996741676330569	1	17	0.0158995	noncoding
ENST00000606496.2	351	53	0.39278	9.780127906799315	1	28	0.03919	noncoding
ENST00000663931.1	2480	62	0.40473	9.580018043518066	1	1361	0.0655936	noncoding
SRR31451039.103159	1137	64	0.27851000000000004	8.210387229919434	1	653	0.0275556	noncoding
ENST00000658383.1	2579	101	0.34431	5.405126762390137	1	2097	0.313136	noncoding
ENST00000658077.1	1010	65	0.34766	10.01073131561279	1	462	0.0452291	noncoding
SRR31451020.217652-1	413	36	0.39658000000000004	9.69399814605713	1	23	0.0178225	noncoding
ENST00000623910.4	937	65	0.3281	10.01073131561279	1	462	0.0395244	noncoding
ENST00000654795.1	428	38	0.34815	8.503976249694826	1	251	0.010546	noncoding
ENST00000660318.1	421	38	0.36416000000000004	8.503976249694826	1	244	0.0113397	noncoding
ENST00000670094.1	852	65	0.31196	10.01073131561279	1	462	0.0364735	noncoding
SRR31451036.72182	432	36	0.38325000000000004	9.69399814605713	1	44	0.0161215	noncoding
SRR31451042.106704	343	36	0.37108	9.69399814605713	1	40	0.0149629	noncoding
ENST00000658919.1	629	65	0.34939	10.01073131561279	1	167	0.0458483	noncoding
SRR31451020.50082	757	65	0.33617	10.01073131561279	1	304	0.0416009	noncoding
ENST00000655116.1	335	36	0.34399	9.69399814605713	1	44	0.0133964	noncoding
ENST00000667421.1	256	34	0.36544	9.48924655914307	1	84	0.0125143	noncoding
SRR31451030.80223	925	65	0.35331	10.01073131561279	1	462	0.0473272	noncoding
ENST00000655834.1	583	65	0.3382	10.01073131561279	1	304	0.042183	noncoding
ENST00000691364.2	2423	99	0.29716	6.887544441223145	1	819	0.124752	noncoding
SRR31451032.28699	414	40	0.32863000000000003	5.410185432434082	1	142	0.0129261	noncoding
SRR31451039.158921	392	51	0.43725	4.501102638244629	-1	239	0.0250988	noncoding
SRR31451034.128206	663	90	0.30445	5.0794393539428695	-1	394	0.0726103	noncoding
SRR31451019.42950	611	80	0.33747000000000005	10.651353645324708	1	301	0.0731678	noncoding
ENST00000692544.2	909	198	0.40624999999999994	11.898945808410645	1	33	0.942423	coding
ENST00000422961.5	594	41	0.35933000000000004	9.492856788635255	1	148	0.0165282	noncoding
ENST00000426725.3	707	59	0.38545	11.903329658508298	1	128	0.045423	noncoding
ENST00000664922.3	849	57	0.36988999999999994	6.826954078674317	1	340	0.0283497	noncoding
SRR31451025.6313	1305	40	0.38271	11.789671897888184	1	711	0.0232915	noncoding
ENST00000653005.1	1556	40	0.41137999999999997	11.789671897888184	1	1019	0.029862	noncoding
SRR31451039.14519	573	120	0.43089000000000005	8.257578086853027	1	115	0.694642	coding
ENST00000394457.7	2384	138	0.31789	8.450660896301272	1	1845	0.383478	noncoding
ENST00000471542.5	1736	109	0.32487	8.31398792266846	1	1284	0.172763	noncoding
SRR31451025.74621	1116	152	0.30612	11.216032218933105	1	306	0.276478	noncoding
SRR31451029.161829	1192	54	0.36483	5.882801628112793	1	151	0.0284459	noncoding
SRR31451020.310417	1983	133	0.32265	9.89056224822998	1	1291	0.302096	noncoding
ENST00000331944.10	447	89	0.34656	9.033906364440917	-1	180	0.125585	noncoding
SRR31451025.260543	1530	369	0.45056	6.593857383728028	1	236	1	coding
ENST00000492167.1	400	116	0.34003	4.8532201766967775	-1	53	0.0616055	noncoding
ENST00000473726.1	382	117	0.35982000000000003	4.5278169631958	-1	32	0.0538812	noncoding
ENST00000692653.2	1264	87	0.39869	7.8273805618286145	1	632	0.170423	noncoding
ENST00000609777.7	1206	87	0.37818999999999997	7.8273805618286145	1	574	0.133701	noncoding
ENST00000689711.2	534	73	0.38358000000000003	6.37371997833252	-1	316	0.0361599	noncoding
ENST00000467292.7	1055	49	0.3959	4.780409431457519	1	209	0.0471272	noncoding
SRR31451018.67156	876	189	0.4563	5.701542091369629	1	87	0.998221	coding
SRR31451024.108798	996	176	0.36103999999999997	6.1820589065551745	1	138	0.966514	coding
SRR31451032.71022	900	142	0.36777	7.714779090881348	1	7	0.712163	coding
SRR31451034.87901	885	49	0.35568	4.780409431457519	1	149	0.0316743	noncoding
SRR31451029.172838	1371	80	0.33595	9.560870933532716	1	227	0.0678454	noncoding
SRR31451019.110576	616	69	0.39187	6.706000709533691	1	75	0.0700617	noncoding
SRR31451025.356406	868	102	0.31512000000000007	8.880278205871583	1	59	0.117801	noncoding
SRR31451029.175098	751	63	0.29111000000000004	6.899878501892091	1	170	0.0285759	noncoding
ENST00000416008.2	559	41	0.33638	9.648290061950682	1	295	0.0157533	noncoding
ENST00000666200.1	1454	104	0.28648	10.597006797790527	1	928	0.0942104	noncoding
ENST00000454729.2	737	54	0.38004	7.671297264099122	1	435	0.0255127	noncoding
ENST00000702984.1	689	74	0.41828	9.493888282775881	1	5	0.134691	noncoding
ENST00000443988.7	706	54	0.35563999999999996	7.671297264099122	1	407	0.0209841	noncoding
ENST00000447876.5	607	54	0.37471	7.671297264099122	1	308	0.0243516	noncoding
SRR31451025.41467	791	54	0.35065	7.671297264099122	1	492	0.0202946	noncoding
SRR31451031.80828	623	54	0.40377	7.671297264099122	1	336	0.0319639	noncoding
SRR31451035.52870	666	54	0.33843	7.671297264099122	1	379	0.0189244	noncoding
SRR31451039.42063	651	54	0.33762000000000003	7.671297264099122	1	379	0.0188493	noncoding
ENST00000413121.7	575	54	0.41965	7.671297264099122	1	329	0.0375079	noncoding
SRR31451040.76262	625	54	0.33762000000000003	7.671297264099122	1	379	0.0188493	noncoding
SRR31451020.239578	1210	50	0.33808	10.50668659210205	1	857	0.0267917	noncoding
SRR31451018.149374	917	57	0.34822	10.407856559753416	1	45	0.0356415	noncoding
SRR31451017.225322	1141	50	0.35194	10.50668659210205	1	804	0.0285824	noncoding
SRR31451020.219296	1694	50	0.33871999999999997	10.50668659210205	1	1357	0.02686	noncoding
SRR31451025.313530	1506	57	0.32632	10.407856559753416	1	643	0.0318227	noncoding
SRR31451029.159399	899	50	0.36741999999999997	10.50668659210205	1	584	0.0314425	noncoding
ENST00000409569.2	458	53	0.36958	5.964024543762207	1	204	0.0272526	noncoding
ENST00000674045.1	426	53	0.44049	5.964024543762207	1	178	0.0505647	noncoding
SRR31451029.127865	2314	148	0.343	7.716256904602051	1	305	0.664245	coding
SRR31451024.86836	2193	148	0.36655	7.716256904602051	1	184	0.767683	coding
SRR31451025.333708	2193	148	0.36655	7.716256904602051	1	184	0.767683	coding
SRR31451028.113641	1702	99	0.40701000000000004	4.093794441223144	1	622	0.726973	coding
SRR31451025.245981	1470	99	0.45271999999999996	4.093794441223144	1	390	0.794285	coding
SRR31451019.143727	1221	265	0.44952000000000003	4.689012336730956	1	137	0.999995	coding
SRR31451019.19538-1	1191	99	0.40856	4.093794441223144	1	111	0.731576	coding
SRR31451030.47881-1	657	84	0.44709000000000004	6.583626365661622	1	253	0.263619	noncoding
SRR31451037.94186	454	84	0.37263999999999997	6.583626365661622	1	23	0.128974	noncoding
ENST00000391616.3	1057	81	0.32145	10.560711097717284	1	175	0.0661855	noncoding
ENST00000416673.6	990	81	0.3474	10.560711097717284	1	211	0.08301	noncoding
ENST00000413904.6	1055	65	0.37636000000000003	6.88845386505127	1	171	0.0463162	noncoding
ENST00000423905.5	1951	63	0.34174000000000004	9.427872657775882	1	1010	0.0364453	noncoding
SRR31451030.24149	652	80	0.47690999999999995	4.671108055114746	1	85	0.357575	noncoding
SRR31451025.373063	3124	305	0.47811000000000003	7.647254371643067	1	1313	0.999998	coding
SRR31451024.147474	2241	305	0.46236	7.647254371643067	1	180	0.999997	coding
SRR31451029.119285	2852	231	0.34169	10.395478630065917	1	1618	0.952393	coding
SRR31451025.242014	2027	284	0.45891	7.080001258850097	1	145	0.999992	coding
SRR31451028.10386	1608	231	0.37169	10.395478630065917	1	374	0.984365	coding
SRR31451027.141881	1596	231	0.37169	10.395478630065917	1	362	0.984365	coding
SRR31451020.49878	833	56	0.44880000000000003	8.682618141174316	1	70	0.0690844	noncoding
ENST00000426965.1	349	45	0.37309	6.377926063537598	1	180	0.0159185	noncoding
ENST00000703418.1	1073	72	0.40049	7.7938570022583	1	275	0.0823794	noncoding
ENST00000295549.9	1251	88	0.37893	7.733990669250488	1	405	0.142012	noncoding
SRR31451020.59851	1350	72	0.38705	7.7938570022583	1	554	0.0708216	noncoding
SRR31451025.330216	804	72	0.42027000000000003	7.7938570022583	1	257	0.10306	noncoding
SRR31451025.74241	625	86	0.38959	5.346127891540527	1	14	0.262424	noncoding
ENST00000420509.1	1051	55	0.31857	9.38151988983154	1	135	0.0235978	noncoding
ENST00000417355.1	311	21	0.44038	9.700380516052245	1	230	0.0129972	noncoding
SRR31451024.100285	1095	33	0.2933	11.999967765808105	1	497	0.0209289	noncoding
SRR31451021.127818	344	69	0.36569	6.483248710632325	1	88	0.0559211	noncoding
ENST00000619671.1	706	83	0.31949	6.142612648010252	1	244	0.0878166	noncoding
ENST00000688502.1	772	58	0.37267	10.129224205017088	1	479	0.0429076	noncoding
ENST00000585797.6	458	48	0.34197	8.23146839141846	1	83	0.0154154	noncoding
SRR31451025.193598	674	60	0.41441999999999996	7.981717872619629	1	24	0.0509885	noncoding
SRR31451021.45434	483	58	0.40576	10.129224205017088	1	190	0.0605674	noncoding
SRR31451022.28991	1141	49	0.31516000000000005	4.441933250427247	1	518	0.0347171	noncoding
ENST00000661680.2	1274	81	0.34153999999999995	9.236337089538573	1	509	0.0721307	noncoding
ENST00000657659.2	1454	81	0.30862	9.236337089538573	1	689	0.0548709	noncoding
SRR31451017.150133	1568	80	0.33783	6.3648530960083	1	970	0.0793188	noncoding
SRR31451028.102807	946	123	0.35028000000000004	9.407436180114747	1	36	0.343749	noncoding
ENST00000651681.3	1388	123	0.34521	9.407436180114747	1	478	0.32286	noncoding
SRR31451020.13861	959	123	0.35531999999999997	9.407436180114747	1	61	0.365447	noncoding
ENST00000588763.5	532	46	0.33432	7.76229648590088	1	308	0.0128418	noncoding
SRR31451017.203494	2328	143	0.28337	11.40963077545166	1	11	0.168012	noncoding
ENST00000593284.5	667	62	0.3983	10.706087303161617	1	227	0.0696044	noncoding
ENST00000531692.1	397	58	0.44227999999999995	11.183411216735841	-1	224	0.151785	noncoding
SRR31451022.9295	545	83	0.44158000000000003	10.125807380676267	1	103	0.293303	noncoding
SRR31451019.49324	551	83	0.44158000000000003	10.125807380676267	1	109	0.293303	noncoding
SRR31451031.113245	674	186	0.46307000000000004	8.69041881561279	-1	117	0.230867	noncoding
ENST00000527780.7	1347	447	0.45836	8.430482292175295	-1	7	0.904839	coding
SRR31451020.245692	964	159	0.45006999999999997	8.81445598602295	-1	488	0.169829	noncoding
ENST00000596287.6	1375	118	0.39748999999999995	8.490244483947755	1	631	0.519429	coding
SRR31451025.37590	677	43	0.37934	8.231017112731934	1	82	0.0151706	noncoding
ENST00000595794.5	1295	118	0.39053	8.490244483947755	1	608	0.486901	noncoding
SRR31451032.56049	1231	118	0.37110999999999994	8.490244483947755	1	544	0.398546	noncoding
ENST00000693315.1	1349	118	0.37512999999999996	8.490244483947755	1	662	0.416323	noncoding
ENST00000641834.2	1371	118	0.37512999999999996	8.490244483947755	1	684	0.416323	noncoding
ENST00000598755.1	664	120	0.36473	11.999967765808105	1	104	0.222392	noncoding
ENST00000495307.5	2063	242	0.3686	9.405888938903807	1	960	0.994203	coding
SRR31451017.101081	1027	64	0.36374	8.37910099029541	-1	834	0.0765343	noncoding
SRR31451040.25848	1028	65	0.36374	8.37910099029541	-1	834	0.0770773	noncoding
ENST00000586822.3	1310	71	0.34499	7.928918266296388	1	235	0.0443558	noncoding
ENST00000654200.1	605	70	0.41215	9.414205360412598	1	75	0.102057	noncoding
ENST00000691191.1	1404	71	0.32253	7.928918266296388	1	329	0.0377767	noncoding
ENST00000585445.1	1491	71	0.31292	7.928918266296388	1	416	0.0360225	noncoding
ENST00000669162.2	1487	71	0.29631	7.928918266296388	1	412	0.0345183	noncoding
ENST00000592146.4	698	70	0.38512	9.414205360412598	1	151	0.0735292	noncoding
ENST00000685306.1	778	70	0.34532	9.414205360412598	1	248	0.0494207	noncoding
ENST00000586091.8	701	70	0.37839999999999996	9.414205360412598	1	171	0.06825	noncoding
ENST00000693493.2	617	70	0.43027	9.414205360412598	1	87	0.130135	noncoding
ENST00000652407.1	1873	63	0.37532	8.573988914489746	1	1442	0.0422662	noncoding
SRR31451023.81212	403	56	0.37782	5.4018869400024405	1	149	0.0434105	noncoding
SRR31451025.323922	403	56	0.37782	5.4018869400024405	1	149	0.0434105	noncoding
SRR31451033.80830	449	56	0.31818	5.4018869400024405	1	195	0.0307503	noncoding
ENST00000669440.2	394	62	0.35312999999999994	6.024444389343262	1	122	0.038744	noncoding
SRR31451021.88604	330	56	0.43255000000000005	5.4018869400024405	1	79	0.0724387	noncoding
SRR31451035.83783	370	56	0.38268	5.4018869400024405	1	119	0.0456281	noncoding
SRR31451032.72036	425	56	0.35556	5.4018869400024405	1	174	0.0354449	noncoding
SRR31451040.126713	425	56	0.35556	5.4018869400024405	1	174	0.0354449	noncoding
SRR31451042.53996	430	56	0.35807999999999995	5.4018869400024405	1	179	0.0361588	noncoding
SRR31451027.246477	563	115	0.45972	10.255453300476074	-1	217	0.178324	noncoding
SRR31451036.71404-4	911	122	0.40671	10.286333656311033	1	199	0.586236	coding
SRR31451031.46046	661	84	0.41881	6.583626365661622	1	130	0.212252	noncoding
SRR31451039.29878	778	94	0.4331	4.541230964660645	1	486	0.640111	coding
SRR31451025.226622	1545	265	0.47097999999999995	4.689012336730956	1	454	0.999995	coding
SRR31451031.107358	1576	265	0.45404999999999995	4.689012336730956	1	491	0.999995	coding
SRR31451030.47881	657	84	0.43796	6.583626365661622	1	253	0.248798	noncoding
ENST00000448629.8	1711	83	0.32836	9.184504508972168	1	1377	0.0684216	noncoding
ENST00000647831.1	2846	159	0.29152	4.822015571594237	1	387	0.909752	coding
ENST00000641325.1	2327	111	0.29092	8.492694282531737	1	727	0.131066	noncoding
ENST00000447600.1	367	22	0.41447	11.000256538391113	-1	302	0.122891	noncoding
SRR31451020.49971	1334	112	0.45402	4.338315773010254	1	81	0.885718	coding
ENST00000639481.1	1092	42	0.44228	4.188601875305175	1	53	0.0638794	noncoding
SRR31451024.244118	870	64	0.46526000000000006	11.825258445739745	1	123	0.20594	noncoding
ENST00000660464.3	516	46	0.34520999999999996	10.745670890808107	1	275	0.0248244	noncoding
ENST00000650259.1	229	53	0.4294	9.86026210784912	1	36	0.06183	noncoding
ENST00000648127.1	742	63	0.39146	4.629729270935059	1	461	0.114221	noncoding
ENST00000692541.1	581	63	0.35163999999999995	4.629729270935059	1	303	0.0749504	noncoding
ENST00000671661.1	834	76	0.38273999999999997	5.756903266906738	1	235	0.123508	noncoding
ENST00000423995.5	1116	140	0.33659	8.280851173400883	1	548	0.502746	coding
ENST00000468598.5	1716	95	0.36224999999999996	7.667091178894044	1	85	0.160997	noncoding
ENST00000466213.5	1818	95	0.32863	7.667091178894044	1	192	0.111687	noncoding
ENST00000642067.1	1039	113	0.34926	8.43680019378662	1	447	0.263129	noncoding
ENST00000456813.3	614	79	0.4196	6.008472633361816	1	304	0.193547	noncoding
SRR31451017.100346	1483	67	0.31806	11.554555702209473	1	197	0.0422269	noncoding
SRR31451019.93819	813	50	0.37592000000000003	4.94512882232666	1	493	0.0370306	noncoding
ENST00000361764.9	811	77	0.32239	6.7120256423950195	1	155	0.0566854	noncoding
ENST00000370940.8	769	122	0.39720999999999995	9.538693809509276	1	109	0.554421	coding
ENST00000463058.7	806	77	0.40852	6.7120256423950195	1	98	0.12976	noncoding
ENST00000359875.10	605	56	0.33511	9.555971336364745	1	25	0.0272815	noncoding
ENST00000528692.1	362	41	0.32015	9.86026210784912	1	217	0.0162582	noncoding
ENST00000659034.3	666	75	0.36175999999999997	4.800700950622559	1	201	0.145197	noncoding
ENST00000659935.1	942	111	0.36341999999999997	9.097214317321779	1	568	0.283943	noncoding
ENST00000438509.3	955	129	0.36807	9.235563468933105	1	557	0.496912	noncoding
SRR31451027.93874	535	129	0.36718	9.235563468933105	1	107	0.492382	noncoding
ENST00000654574.3	598	87	0.38346	9.753889274597167	1	318	0.153002	noncoding
ENST00000658759.1	1721	58	0.36527	8.801820182800295	1	856	0.0315278	noncoding
SRR31451025.47063	836	71	0.31841	9.37913455963135	1	156	0.0418633	noncoding
ENST00000617318.4	790	63	0.39980999999999994	10.320695304870604	1	571	0.0720674	noncoding
SRR31451019.100375	1147	78	0.28948	9.098697090148928	1	151	0.0451561	noncoding
ENST00000621058.5	711	46	0.36304	10.246943473815914	1	465	0.0249807	noncoding
SRR31451039.128136	1115	145	0.41363	6.222073554992675	1	526	0.931084	coding
SRR31451041.70257	978	145	0.43661	6.222073554992675	1	389	0.950337	coding
SRR31451024.62894	784	145	0.45079	6.222073554992675	1	350	0.956849	coding
SRR31451033.10090	465	74	0.44631	6.835593605041503	1	89	0.151962	noncoding
SRR31451025.54916	1526	61	0.35872000000000004	9.57073459625244	1	970	0.0392827	noncoding
ENST00000452399.6	550	74	0.40084000000000003	6.478417396545409	-1	327	0.0346167	noncoding
ENST00000692166.2	673	54	0.40576	11.82919101715088	1	341	0.0481127	noncoding
ENST00000692403.1	597	54	0.37853	11.82919101715088	1	263	0.0368208	noncoding
SRR31451027.55071	451	54	0.38832999999999995	11.82919101715088	1	119	0.0399973	noncoding
ENST00000660431.1	668	28	0.35466	11.330850410461426	1	27	0.0144531	noncoding
ENST00000358206.4	896	210	0.34503	6.585843086242675	1	39	0.989332	coding
ENST00000629702.3	726	78	0.36105	6.557253074645996	1	251	0.0843078	noncoding
ENST00000613452.1	1049	70	0.44206999999999996	10.385872840881348	1	402	0.180061	noncoding
ENST00000668239.1	809	63	0.42631	10.008732795715332	1	590	0.0983135	noncoding
SRR31451017.167100	1062	142	0.43864000000000003	4.931430625915527	1	200	0.973012	coding
ENST00000313342.8	1294	311	0.41107	5.937082862854004	1	113	0.999998	coding
SRR31451040.135193	538	141	0.41226999999999997	4.931430625915527	-1	116	0.091316	noncoding
ENST00000618702.1	1660	158	0.3803	6.896922874450684	1	100	0.914869	coding
SRR31451025.380260	665	40	0.32439	10.774036979675294	1	448	0.0196635	noncoding
ENST00000620190.1	1237	42	0.27462000000000003	6.069460868835448	1	897	0.0179574	noncoding
SRR31451020.192368	803	34	0.25927	8.365433692932132	1	468	0.013022	noncoding
SRR31451023.101922	302	40	0.36793	10.774036979675294	1	85	0.0221246	noncoding
SRR31451020.236745	454	45	0.35353	10.246943473815914	1	222	0.0228022	noncoding
SRR31451036.34352	530	40	0.29385	10.774036979675294	1	299	0.0210281	noncoding
SRR31451021.132293	323	46	0.36834	10.246943473815914	1	88	0.0258275	noncoding
SRR31451019.79396	385	40	0.33191	10.774036979675294	1	168	0.0197535	noncoding
ENST00000455503.2	497	77	0.32577999999999996	6.050419807434082	1	78	0.0701284	noncoding
SRR31451042.67961	1288	89	0.41634000000000004	8.50990734100342	1	722	0.231824	noncoding
SRR31451039.38104	1065	79	0.43384	10.545754432678223	1	635	0.230051	noncoding
SRR31451038.44624	1033	79	0.39371	10.545754432678223	1	603	0.130293	noncoding
ENST00000453136.6	1066	136	0.37076	7.664135551452637	1	351	0.660025	coding
ENST00000685687.1	1445	198	0.34701000000000004	9.134863853454593	1	544	0.928893	coding
ENST00000702699.1	661	79	0.38689	10.545754432678223	1	231	0.119581	noncoding
SRR31451030.17582	792	151	0.44845	9.656348609924319	1	267	0.949304	coding
SRR31451020.237179	1217	171	0.46809999999999996	6.69150676727295	1	245	0.991458	coding
SRR31451031.114325	865	136	0.44208	7.664135551452637	1	150	0.883212	coding
SRR31451017.169062	1231	83	0.33941	8.140052223205569	1	448	0.0723588	noncoding
SRR31451029.164023	3088	113	0.3036	7.054366874694824	1	1183	0.206703	noncoding
SRR31451027.26781	652	176	0.48575	5.203234672546387	1	9	0.996211	coding
SRR31451025.291765	630	166	0.47433000000000003	10.262029075622557	-1	132	0.291821	noncoding
SRR31451022.6863	943	82	0.37115	4.352980232238769	1	79	0.28694	noncoding
SRR31451020.195461	876	82	0.39286	4.352980232238769	1	6	0.358269	noncoding
ENST00000701195.1	786	110	0.38466	8.768232154846192	1	183	0.356356	noncoding
SRR31451025.370322	624	66	0.38265	10.182475090026855	1	351	0.0664447	noncoding
SRR31451029.116944	734	66	0.34667	10.182475090026855	1	461	0.0476192	noncoding
SRR31451027.228336	513	66	0.38011999999999996	10.182475090026855	1	240	0.0646802	noncoding
SRR31451037.19953	870	75	0.33675	8.493919181823731	1	376	0.0507634	noncoding
SRR31451042.68701	737	66	0.30541	10.182475090026855	1	464	0.037728	noncoding
SRR31451019.28237	769	140	0.32807000000000003	9.399313163757324	1	80	0.40445	noncoding
SRR31451024.142257	539	66	0.35929	10.182475090026855	1	266	0.0528776	noncoding
SRR31451040.140752	513	66	0.40238	10.182475090026855	1	242	0.0835425	noncoding
SRR31451024.116020	771	66	0.31113	10.182475090026855	1	500	0.0384831	noncoding
ENST00000464238.6	907	102	0.28819000000000006	7.668568992614747	1	306	0.109835	noncoding
SRR31451022.105252	653	66	0.36357	10.182475090026855	1	383	0.0549535	noncoding
ENST00000471156.6	812	66	0.37898999999999994	10.182475090026855	1	542	0.0639185	noncoding
ENST00000310027.10	746	66	0.30684	10.182475090026855	1	476	0.0378977	noncoding
ENST00000497822.6	643	66	0.36297999999999997	10.182475090026855	1	375	0.0546577	noncoding
SRR31451037.4797	759	66	0.37595	10.182475090026855	1	491	0.0619463	noncoding
ENST00000497824.5	720	66	0.42587	10.182475090026855	1	452	0.114912	noncoding
ENST00000498346.1	457	66	0.35877000000000003	10.182475090026855	1	192	0.0526362	noncoding
SRR31451041.263	591	66	0.30547	10.182475090026855	1	326	0.0377349	noncoding
SRR31451037.124248	382	66	0.45039999999999997	10.182475090026855	1	117	0.168658	noncoding
SRR31451017.44362	531	66	0.31259000000000003	10.182475090026855	1	266	0.0387081	noncoding
SRR31451023.24203	419	66	0.42723000000000005	10.182475090026855	1	154	0.117234	noncoding
SRR31451039.148980	556	72	0.36385	8.90638790130615	1	79	0.0598108	noncoding
SRR31451028.100605	676	102	0.30162	7.668568992614747	1	81	0.117733	noncoding
SRR31451022.14366	427	66	0.41119	10.182475090026855	1	162	0.0935931	noncoding
SRR31451030.131009	427	66	0.41119	10.182475090026855	1	162	0.0935931	noncoding
SRR31451018.19087	428	66	0.41119	10.182475090026855	1	163	0.0935931	noncoding
SRR31451037.140875	563	66	0.33645	10.182475090026855	1	298	0.0441913	noncoding
SRR31451040.174282	451	66	0.39114	10.182475090026855	1	186	0.0730171	noncoding
SRR31451032.63202	453	66	0.39114	10.182475090026855	1	188	0.0730171	noncoding
SRR31451017.228928	504	66	0.33368	10.182475090026855	1	239	0.0433784	noncoding
SRR31451022.26312	610	105	0.30609	6.989740943908691	1	6	0.159214	noncoding
SRR31451027.35868	633	105	0.31012	6.989740943908691	1	29	0.163483	noncoding
SRR31451020.359108	550	75	0.3573	8.493919181823731	1	64	0.0614586	noncoding
SRR31451017.64008	832	66	0.34784000000000004	10.182475090026855	1	567	0.0480568	noncoding
SRR31451028.118649	626	66	0.31445999999999996	10.182475090026855	1	361	0.039015	noncoding
SRR31451036.883	604	66	0.30826	10.182475090026855	1	339	0.0380789	noncoding
SRR31451020.214250	466	66	0.37690999999999997	10.182475090026855	1	201	0.0625572	noncoding
SRR31451037.116291	605	66	0.32799	10.182475090026855	1	340	0.0418564	noncoding
SRR31451031.61117	533	66	0.32982999999999996	10.182475090026855	1	268	0.0423271	noncoding
SRR31451042.131968	670	66	0.3213	10.182475090026855	1	405	0.0403156	noncoding
SRR31451030.54044	673	66	0.3213	10.182475090026855	1	408	0.0403156	noncoding
SRR31451035.59713	1007	102	0.33123	7.668568992614747	1	412	0.152506	noncoding
SRR31451039.181000	670	66	0.35545	10.182475090026855	1	405	0.0511471	noncoding
SRR31451037.59794	1286	88	0.34975999999999996	6.037687873840332	1	416	0.144984	noncoding
SRR31451021.116858	537	66	0.36771000000000004	10.182475090026855	1	272	0.0571198	noncoding
ENST00000703085.1	486	66	0.34851	10.182475090026855	1	221	0.0483117	noncoding
ENST00000703026.1	617	66	0.3678	10.182475090026855	1	352	0.0571687	noncoding
SRR31451039.76794	1378	109	0.30307000000000006	9.63114147186279	1	790	0.1273	noncoding
ENST00000703098.1	428	66	0.41077	10.182475090026855	1	163	0.0930725	noncoding
SRR31451040.61297	435	66	0.35592999999999997	10.182475090026855	1	170	0.0513569	noncoding
ENST00000700991.1	888	140	0.31693	7.631623649597168	1	179	0.457803	noncoding
ENST00000703029.1	788	66	0.30794	10.182475090026855	1	523	0.0380369	noncoding
SRR31451029.151487	1322	105	0.29762000000000005	6.989740943908691	1	718	0.152148	noncoding
ENST00000465270.6	540	66	0.39046000000000003	10.182475090026855	1	275	0.0724507	noncoding
SRR31451036.114610	546	66	0.39193	10.182475090026855	1	281	0.0736843	noncoding
SRR31451025.287678	704	127	0.30964	7.652256202697754	1	62	0.297198	noncoding
SRR31451039.17049	474	66	0.36343000000000003	10.182475090026855	1	209	0.054883	noncoding
SRR31451024.157128	1082	102	0.31061	7.668568992614747	1	487	0.12573	noncoding
SRR31451036.155972	758	66	0.31877999999999995	10.182475090026855	1	493	0.0398041	noncoding
SRR31451029.71358	941	76	0.32014000000000004	9.58781871795654	1	370	0.0518084	noncoding
SRR31451037.88100	884	66	0.32014000000000004	10.182475090026855	1	619	0.0400755	noncoding
SRR31451038.52100	1002	66	0.35301000000000005	10.182475090026855	1	737	0.0501087	noncoding
SRR31451041.77320	507	66	0.37187	10.182475090026855	1	242	0.0594661	noncoding
SRR31451042.82285	603	73	0.42907	6.526105308532714	1	95	0.132246	noncoding
SRR31451032.92962	760	66	0.31113	10.182475090026855	1	495	0.0384831	noncoding
SRR31451036.52693	482	66	0.35081999999999997	10.182475090026855	1	217	0.0492155	noncoding
SRR31451030.36030	644	66	0.33487	10.182475090026855	1	379	0.0437218	noncoding
SRR31451029.36859	485	66	0.35081999999999997	10.182475090026855	1	220	0.0492155	noncoding
SRR31451020.236509	486	66	0.3502	10.182475090026855	1	221	0.0489691	noncoding
SRR31451037.115354	498	66	0.3155	10.182475090026855	1	233	0.0391948	noncoding
SRR31451039.119802	387	66	0.40963	10.182475090026855	1	122	0.0916813	noncoding
SRR31451041.32665	413	66	0.35709	10.182475090026855	1	148	0.0518715	noncoding
SRR31451017.137526	488	66	0.3502	10.182475090026855	1	223	0.0489691	noncoding
SRR31451018.69357	514	66	0.34317	10.182475090026855	1	249	0.0463671	noncoding
SRR31451020.147409	500	66	0.3155	10.182475090026855	1	235	0.0391948	noncoding
SRR31451021.29109	766	66	0.31113	10.182475090026855	1	501	0.0384831	noncoding
SRR31451021.80666	648	66	0.36357	10.182475090026855	1	383	0.0549535	noncoding
SRR31451023.128240	610	73	0.42907	6.526105308532714	1	102	0.132246	noncoding
SRR31451023.57705	488	66	0.3502	10.182475090026855	1	223	0.0489691	noncoding
SRR31451024.70026	510	66	0.38345	10.182475090026855	1	245	0.0670201	noncoding
SRR31451025.103546	757	66	0.35292999999999997	10.182475090026855	1	492	0.0500755	noncoding
SRR31451025.155665	488	66	0.3502	10.182475090026855	1	223	0.0489691	noncoding
SRR31451025.203737	610	73	0.42907	6.526105308532714	1	102	0.132246	noncoding
SRR31451025.266336	599	66	0.36938	10.182475090026855	1	334	0.0580405	noncoding
SRR31451025.28037	729	66	0.32851	10.182475090026855	1	464	0.0419873	noncoding
SRR31451025.369198	766	66	0.31113	10.182475090026855	1	501	0.0384831	noncoding
SRR31451025.401951	388	66	0.38708	10.182475090026855	1	123	0.0697425	noncoding
SRR31451028.121496	514	66	0.34317	10.182475090026855	1	249	0.0463671	noncoding
SRR31451029.133197	610	73	0.42907	6.526105308532714	1	102	0.132246	noncoding
SRR31451030.131377	388	66	0.38708	10.182475090026855	1	123	0.0697425	noncoding
SRR31451036.124198	648	66	0.36357	10.182475090026855	1	383	0.0549535	noncoding
SRR31451036.55079	388	66	0.38708	10.182475090026855	1	123	0.0697425	noncoding
SRR31451037.56341	648	66	0.36357	10.182475090026855	1	383	0.0549535	noncoding
SRR31451038.60883	488	66	0.3502	10.182475090026855	1	223	0.0489691	noncoding
SRR31451039.151878	766	66	0.31113	10.182475090026855	1	501	0.0384831	noncoding
SRR31451039.172699	648	66	0.36357	10.182475090026855	1	383	0.0549535	noncoding
SRR31451040.40368	648	66	0.36357	10.182475090026855	1	383	0.0549535	noncoding
SRR31451041.6551	488	66	0.3502	10.182475090026855	1	223	0.0489691	noncoding
SRR31451042.146578	388	66	0.38708	10.182475090026855	1	123	0.0697425	noncoding
SRR31451037.42732	589	86	0.41154999999999997	9.89604206085205	1	42	0.213349	noncoding
SRR31451030.70460	626	86	0.39105	9.89604206085205	1	79	0.16304	noncoding
SRR31451017.176999	761	140	0.32555	9.399313163757324	1	80	0.392237	noncoding
SRR31451025.324829	531	66	0.35345	10.182475090026855	1	266	0.0502926	noncoding
ENST00000489877.6	913	75	0.34111	8.493919181823731	1	427	0.0527095	noncoding
ENST00000702513.1	489	66	0.42562000000000005	10.182475090026855	1	224	0.114493	noncoding
ENST00000702912.1	791	75	0.33679000000000003	11.178576087951662	1	305	0.0606484	noncoding
SRR31451017.68133	464	66	0.35548	10.182475090026855	1	199	0.0511602	noncoding
SRR31451020.227265	464	66	0.35548	10.182475090026855	1	199	0.0511602	noncoding
SRR31451022.9964	464	66	0.35548	10.182475090026855	1	199	0.0511602	noncoding
SRR31451024.248398	550	66	0.33567	10.182475090026855	1	285	0.0439576	noncoding
SRR31451024.291828	464	66	0.35548	10.182475090026855	1	199	0.0511602	noncoding
SRR31451025.173233	641	66	0.32857000000000003	10.182475090026855	1	376	0.0420025	noncoding
SRR31451025.183614	464	66	0.35548	10.182475090026855	1	199	0.0511602	noncoding
SRR31451029.75932	464	66	0.35548	10.182475090026855	1	199	0.0511602	noncoding
SRR31451034.78830	464	66	0.35548	10.182475090026855	1	199	0.0511602	noncoding
SRR31451036.3538	464	66	0.35548	10.182475090026855	1	199	0.0511602	noncoding
SRR31451038.20220	464	66	0.35548	10.182475090026855	1	199	0.0511602	noncoding
SRR31451039.59850	464	66	0.35548	10.182475090026855	1	199	0.0511602	noncoding
SRR31451040.42538	464	66	0.35548	10.182475090026855	1	199	0.0511602	noncoding
ENST00000357975.5	830	66	0.31363	10.182475090026855	1	565	0.0388762	noncoding
ENST00000702128.1	674	73	0.42845	6.526105308532714	1	166	0.131546	noncoding
SRR31451021.51693	478	66	0.35373	10.182475090026855	1	213	0.0504103	noncoding
ENST00000702897.1	420	66	0.33611	10.182475090026855	1	155	0.044089	noncoding
SRR31451037.116240	507	66	0.33703	10.182475090026855	1	242	0.0443676	noncoding
ENST00000703048.1	691	66	0.40201	10.182475090026855	1	426	0.0831578	noncoding
ENST00000702972.1	922	66	0.43428000000000005	10.182475090026855	1	657	0.130377	noncoding
SRR31451017.49640	1174	66	0.38275000000000003	10.182475090026855	1	909	0.0665162	noncoding
SRR31451039.49161	688	105	0.31896	6.989740943908691	1	200	0.174892	noncoding
SRR31451026.71184	559	63	0.31177	6.226336479187012	1	197	0.0323404	noncoding
SRR31451034.118256	396	50	0.42962	10.54859104156494	-1	247	0.116101	noncoding
ENST00000368242.7	740	63	0.33371999999999996	6.226336479187012	1	378	0.0340388	noncoding
SRR31451038.89524	517	50	0.35852	10.54859104156494	-1	368	0.156462	noncoding
SRR31451029.89654	1272	109	0.34987999999999997	9.63114147186279	1	800	0.221164	noncoding
SRR31451034.92544	853	105	0.32665	6.989740943908691	1	365	0.187119	noncoding
SRR31451037.51986	617	63	0.30805	6.226336479187012	1	255	0.0324455	noncoding
SRR31451029.9931	524	50	0.30925	10.54859104156494	-1	375	0.184506	noncoding
SRR31451040.148252	627	63	0.32479	6.226336479187012	1	265	0.0328941	noncoding
SRR31451037.121256	494	73	0.42210999999999993	6.526105308532714	1	102	0.124278	noncoding
SRR31451035.615	517	86	0.39191	9.89604206085205	1	86	0.164845	noncoding
ENST00000702396.1	1334	109	0.32982	9.63114147186279	1	862	0.172127	noncoding
SRR31451023.139485	348	50	0.35565	10.54859104156494	-1	199	0.158666	noncoding
SRR31451030.68472	348	50	0.35565	10.54859104156494	-1	199	0.158666	noncoding
SRR31451031.8074	348	50	0.35565	10.54859104156494	-1	199	0.158666	noncoding
SRR31451032.14442	348	50	0.35565	10.54859104156494	-1	199	0.158666	noncoding
SRR31451035.22138	622	73	0.45659000000000005	6.526105308532714	1	230	0.15782	noncoding
ENST00000400991.7	709	50	0.39882999999999996	10.54859104156494	-1	560	0.128579	noncoding
SRR31451034.10200	541	63	0.31425	6.226336479187012	1	288	0.0323381	noncoding
SRR31451029.114155	627	84	0.35188	7.727624702453612	1	272	0.086832	noncoding
SRR31451021.49554	665	84	0.3627	7.727624702453612	1	310	0.0976374	noncoding
SRR31451033.95731	694	84	0.35844000000000004	7.727624702453612	1	344	0.093157	noncoding
SRR31451032.38105	854	84	0.34603	7.727624702453612	1	504	0.0817572	noncoding
SRR31451025.277137	659	84	0.3627	7.727624702453612	1	309	0.0976374	noncoding
SRR31451020.90482	682	84	0.32377	7.727624702453612	1	332	0.0669567	noncoding
SRR31451025.114890	854	116	0.32014000000000004	8.752372932434085	1	39	0.200117	noncoding
ENST00000702975.1	757	84	0.34608000000000005	7.727624702453612	1	407	0.0817983	noncoding
SRR31451029.37665	832	84	0.34304	7.727624702453612	1	482	0.079362	noncoding
ENST00000703083.1	1081	103	0.34579000000000004	5.566265296936035	1	305	0.322509	noncoding
SRR31451025.345726	1090	84	0.33567	7.727624702453612	1	740	0.0740113	noncoding
SRR31451028.115654	858	82	0.33139	6.695826530456543	1	264	0.0761838	noncoding
ENST00000703000.1	734	86	0.32669000000000004	6.695826530456543	1	179	0.0887235	noncoding
SRR31451025.172788	852	73	0.33981000000000006	9.825255775451659	1	541	0.0558166	noncoding
ENST00000702953.1	1391	121	0.33566	8.815938758850098	1	862	0.281608	noncoding
SRR31451039.135347	515	51	0.28587000000000007	8.884984397888186	-1	361	0.166647	noncoding
ENST00000702047.1	863	51	0.37009000000000003	8.884984397888186	-1	709	0.0808725	noncoding
SRR31451020.334526	740	28	0.37528	6.501209831237793	1	449	0.00592305	noncoding
SRR31451039.19829	356	66	0.36093	9.43515758514404	1	141	0.0482968	noncoding
SRR31451033.27483	405	66	0.42719999999999997	9.43515758514404	1	191	0.103418	noncoding
SRR31451036.70356	446	66	0.35408	9.43515758514404	1	232	0.0454381	noncoding
SRR31451037.126001	440	66	0.36092	9.43515758514404	1	226	0.0482923	noncoding
SRR31451042.13131	553	66	0.31561000000000006	9.43515758514404	1	339	0.0348645	noncoding
SRR31451017.148009	606	66	0.31561000000000006	9.43515758514404	1	392	0.0348645	noncoding
SRR31451018.99608	606	66	0.31561000000000006	9.43515758514404	1	392	0.0348645	noncoding
SRR31451019.36728	606	66	0.31561000000000006	9.43515758514404	1	392	0.0348645	noncoding
SRR31451021.84513	567	66	0.36361	9.43515758514404	1	353	0.049511	noncoding
SRR31451022.9059	567	66	0.36361	9.43515758514404	1	353	0.049511	noncoding
SRR31451023.92804	567	66	0.36361	9.43515758514404	1	353	0.049511	noncoding
SRR31451024.164917	606	66	0.31561000000000006	9.43515758514404	1	392	0.0348645	noncoding
SRR31451025.125944	460	73	0.38862	9.261092948913571	1	225	0.0858419	noncoding
SRR31451025.252744	567	66	0.36361	9.43515758514404	1	353	0.049511	noncoding
SRR31451028.98689	606	66	0.31561000000000006	9.43515758514404	1	392	0.0348645	noncoding
SRR31451032.111082	606	66	0.31561000000000006	9.43515758514404	1	392	0.0348645	noncoding
SRR31451032.67863	567	66	0.36361	9.43515758514404	1	353	0.049511	noncoding
SRR31451035.28442	567	66	0.36361	9.43515758514404	1	353	0.049511	noncoding
SRR31451038.58475	567	66	0.36361	9.43515758514404	1	353	0.049511	noncoding
SRR31451040.162894	606	66	0.31561000000000006	9.43515758514404	1	392	0.0348645	noncoding
SRR31451040.585	567	66	0.36361	9.43515758514404	1	353	0.049511	noncoding
ENST00000686995.1	566	66	0.35837	9.43515758514404	1	352	0.0471883	noncoding
ENST00000687189.1	628	66	0.31237000000000004	9.43515758514404	1	414	0.0343552	noncoding
ENST00000689238.1	589	66	0.34700000000000003	9.43515758514404	1	375	0.0428263	noncoding
SRR31451024.284878	566	66	0.36361	9.43515758514404	1	353	0.049511	noncoding
SRR31451030.111982	605	66	0.31561000000000006	9.43515758514404	1	392	0.0348645	noncoding
SRR31451036.158678	359	66	0.43303	9.43515758514404	1	155	0.112116	noncoding
SRR31451020.317458	971	107	0.38659	9.046671104431152	1	644	0.328556	noncoding
SRR31451039.112862	436	66	0.35408	9.43515758514404	1	232	0.0454381	noncoding
SRR31451021.99569	492	66	0.34615	9.43515758514404	1	288	0.0425347	noncoding
SRR31451017.113561	461	66	0.35797	9.43515758514404	1	257	0.0470195	noncoding
SRR31451026.46494	596	66	0.31237000000000004	9.43515758514404	1	392	0.0343552	noncoding
SRR31451027.6766	557	66	0.36361	9.43515758514404	1	353	0.049511	noncoding
SRR31451034.146841	596	66	0.31237000000000004	9.43515758514404	1	392	0.0343552	noncoding
SRR31451038.56242	596	66	0.31237000000000004	9.43515758514404	1	392	0.0343552	noncoding
SRR31451042.47915	557	66	0.36361	9.43515758514404	1	353	0.049511	noncoding
SRR31451019.52671	744	61	0.31507	9.648354530334473	-1	560	0.162779	noncoding
SRR31451025.286416	1009	86	0.36174	9.099921989440919	-1	751	0.114334	noncoding
SRR31451041.35849	527	51	0.28243	10.024398612976075	1	5	0.0243641	noncoding
SRR31451037.57021	365	32	0.32121	9.034357643127443	1	172	0.00908325	noncoding
ENST00000436905.5	1280	43	0.36793	5.42553195953369	1	809	0.0180727	noncoding
ENST00000424735.1	1461	47	0.31585	10.135606575012208	-1	1320	0.175388	noncoding
ENST00000653906.1	2214	89	0.37422	9.647194099426269	1	893	0.146801	noncoding
ENST00000437764.5	550	83	0.36393	11.306223487854005	1	3	0.0977153	noncoding
ENST00000423222.6	673	95	0.37803	10.650708961486817	1	114	0.189666	noncoding
SRR31451026.50083	580	95	0.38386999999999993	10.650708961486817	1	21	0.204463	noncoding
SRR31451017.160019	650	30	0.34622	10.461171913146973	1	395	0.013328	noncoding
ENST00000445339.1	688	67	0.28511000000000003	9.495564460754395	1	92	0.0338175	noncoding
ENST00000692439.1	512	35	0.36519999999999997	8.513968849182131	1	138	0.00987351	noncoding
ENST00000660480.3	553	35	0.35762	8.513968849182131	1	179	0.00953504	noncoding
SRR31451039.23377	622	38	0.37379	4.075321769714355	1	122	0.0286725	noncoding
SRR31451037.81684	1189	56	0.37529	9.099470710754396	1	358	0.0331359	noncoding
ENST00000390477.2	1331	74	0.37122	9.428259468078615	1	834	0.0752352	noncoding
SRR31451019.111945	1166	74	0.36458	9.428259468078615	1	651	0.0700892	noncoding
SRR31451019.122259	594	26	0.34095	4.529692649841309	1	208	0.00856884	noncoding
ENST00000669726.3	358	37	0.39244	8.017755699157714	1	153	0.0117173	noncoding
ENST00000654187.2	2148	57	0.33738	10.214515876770019	1	1306	0.0325205	noncoding
SRR31451017.40560	2036	120	0.2886	8.816776847839357	1	1513	0.161652	noncoding
ENST00000654590.2	1371	44	0.35175	6.476996421813964	1	950	0.0128596	noncoding
ENST00000554169.3	1042	97	0.27781	8.342096138000489	1	645	0.0808	noncoding
ENST00000522771.9	2642	118	0.31828999999999996	9.344450569152833	1	1628	0.19968	noncoding
ENST00000522618.1	1148	109	0.41427	4.764949226379394	1	613	0.770742	coding
ENST00000554441.7	2024	137	0.28952	8.667725944519042	1	1568	0.264778	noncoding
SRR31451018.49484	541	91	0.43485	6.809390830993652	1	134	0.323011	noncoding
SRR31451023.148216	647	91	0.43119999999999997	6.809390830993652	1	240	0.31414	noncoding
SRR31451020.345345	685	91	0.41725	6.809390830993652	1	278	0.278497	noncoding
SRR31451033.12769	725	91	0.43570000000000003	6.809390830993652	1	318	0.325035	noncoding
ENST00000390545.3	1116	197	0.43030000000000007	6.59328899383545	1	391	0.99753	coding
SRR31451017.186867	1102	195	0.42667	8.25970554351807	1	403	0.993939	coding
SRR31451017.120554	1061	197	0.44875000000000004	7.003723335266113	1	403	0.997806	coding
SRR31451017.113254	1060	197	0.43030000000000007	7.003723335266113	1	402	0.996945	coding
ENST00000390547.3	1112	140	0.43946	7.209366798400879	1	585	0.910144	coding
SRR31451031.79978	771	197	0.43692000000000003	7.003723335266113	1	47	0.997314	coding
SRR31451018.30252	698	91	0.41725	6.703045082092285	1	291	0.283933	noncoding
SRR31451028.105681	744	197	0.43570000000000003	6.957911109924316	1	19	0.99731	coding
ENST00000390551.6	1268	197	0.43407	6.957911109924316	1	543	0.997225	coding
SRR31451020.220171	776	89	0.41883	5.2187517166137685	1	387	0.407134	noncoding
ENST00000390559.6	1485	376	0.41968	6.320746040344238	1	235	1	coding
SRR31451033.48264	735	68	0.39051	8.523639106750487	1	216	0.0629677	noncoding
ENST00000447298.3	975	98	0.35776	8.591782188415529	1	67	0.165813	noncoding
ENST00000412788.6	1077	98	0.38305000000000006	7.769458198547364	1	175	0.232281	noncoding
ENST00000414790.9	1304	98	0.37348	8.591782188415529	1	396	0.200993	noncoding
ENST00000455942.4	784	151	0.41918	7.665044975280763	1	247	0.925151	coding
ENST00000702349.1	658	160	0.42443000000000003	8.276467323303226	1	94	0.953296	coding
ENST00000664276.1	1111	86	0.35216	8.38348484039307	1	740	0.0941613	noncoding
ENST00000531569.1	562	57	0.32954	11.567513847351076	1	174	0.0334354	noncoding
SRR31451029.111586	1048	44	0.36358999999999997	6.499106788635253	1	98	0.013744	noncoding
ENST00000663967.1	1069	53	0.34357	8.802529335021976	1	74	0.0215824	noncoding
SRR31451028.28870	1090	53	0.33148	8.802529335021976	1	91	0.0203059	noncoding
ENST00000658540.1	1093	53	0.34357	8.802529335021976	1	98	0.0215824	noncoding
SRR31451041.53872	880	39	0.31718	10.480447959899902	1	756	0.0179534	noncoding
SRR31451020.241075	865	39	0.31377	10.480447959899902	1	741	0.0180085	noncoding
SRR31451024.102759	890	39	0.33104	10.480447959899902	1	768	0.0180219	noncoding
SRR31451037.19313	788	39	0.31041	10.480447959899902	1	667	0.0180938	noncoding
SRR31451024.61067	752	39	0.30635999999999997	10.480447959899902	1	631	0.0182402	noncoding
SRR31451020.256386	912	39	0.31718	10.480447959899902	1	791	0.0179534	noncoding
SRR31451031.121332	904	38	0.33971999999999997	10.480447959899902	-1	790	0.167527	noncoding
SRR31451035.24494	776	36	0.31041	10.332235145568848	-1	667	0.185283	noncoding
ENST00000544550.6	1173	53	0.37903	8.802529335021976	1	91	0.0279644	noncoding
ENST00000660960.1	1695	44	0.37017	8.65496120452881	1	1030	0.0163087	noncoding
ENST00000685970.1	1224	46	0.37467	9.58994617462158	1	364	0.023287	noncoding
ENST00000508832.3	1199	47	0.28191	10.446279716491699	1	263	0.0245416	noncoding
ENST00000690327.2	1048	54	0.35909	8.93565654754639	1	656	0.025644	noncoding
ENST00000529369.2	632	55	0.4317	10.80652904510498	-1	468	0.132188	noncoding
ENST00000656330.1	545	40	0.37216000000000005	7.691247749328614	1	297	0.0113953	noncoding
SRR31451039.131881	1860	552	0.47681	8.09247455596924	1	86	1	coding
SRR31451030.75401	643	169	0.45395	5.610542869567872	1	18	0.993527	coding
ENST00000534079.5	654	71	0.38377	9.353089332580566	1	9	0.0750781	noncoding
ENST00000525928.5	729	33	0.35979	8.365046882629397	1	167	0.00842293	noncoding
SRR31451021.21392	494	28	0.33368	8.518997383117675	1	19	0.00656725	noncoding
SRR31451039.96960	1060	46	0.35673	7.939168739318848	1	540	0.0145144	noncoding
ENST00000530769.5	2106	77	0.29833	8.551940727233887	1	289	0.0433948	noncoding
SRR31451019.54838	668	33	0.3335	8.365046882629397	1	167	0.00785717	noncoding
SRR31451029.183259	1479	52	0.3668	9.434448432922363	1	985	0.0276605	noncoding
SRR31451027.50877-1	584	27	0.37605000000000005	5.948450660705566	1	185	0.00619205	noncoding
SRR31451037.80563	858	46	0.33272	7.939168739318848	1	340	0.0130262	noncoding
SRR31451025.332445	1058	46	0.35673	7.939168739318848	1	540	0.0145144	noncoding
SRR31451040.26524	975	42	0.34065	8.032647895812985	1	12	0.0112477	noncoding
SRR31451027.27305	629	46	0.34063	7.939168739318848	1	182	0.0133936	noncoding
SRR31451020.116818	987	46	0.37596	7.939168739318848	1	540	0.0165324	noncoding
ENST00000526605.6	1630	53	0.34897	4.0500284194946286	1	287	0.0579079	noncoding
ENST00000666993.1	3011	65	0.29327	8.89014186859131	1	2211	0.0291514	noncoding
ENST00000689463.1	682	35	0.36483	5.872059059143066	1	332	0.00946371	noncoding
ENST00000500537.2	1832	71	0.34712999999999994	8.523768043518068	1	803	0.0468094	noncoding
ENST00000669306.2	1658	94	0.28572000000000003	9.57905101776123	1	863	0.0732261	noncoding
SRR31451020.38914	1032	94	0.31116000000000005	9.57905101776123	1	256	0.0874321	noncoding
ENST00000693154.2	798	65	0.35749	9.499625968933106	1	304	0.0453709	noncoding
ENST00000691884.2	732	94	0.34315	9.57905101776123	1	164	0.121863	noncoding
ENST00000529823.2	2711	58	0.2831	9.7949556350708	1	2009	0.0278164	noncoding
ENST00000664908.1	3019	58	0.29519	9.7949556350708	1	2319	0.0273553	noncoding
SRR31451025.21895	2710	68	0.27643	8.538337898254394	1	952	0.0319727	noncoding
ENST00000416725.3	678	39	0.33277	9.514131355285645	1	297	0.0139136	noncoding
ENST00000663345.1	978	53	0.32233	6.694348716735839	1	802	0.0179764	noncoding
ENST00000452919.1	584	43	0.41323	6.53167552947998	1	439	0.0193331	noncoding
ENST00000685076.2	550	84	0.37140000000000006	5.043914985656738	1	136	0.224869	noncoding
ENST00000660127.1	1898	57	0.37308	9.573829078674315	1	1659	0.0374062	noncoding
SRR31451025.401103	558	47	0.28447	9.690710258483886	1	222	0.0198868	noncoding
SRR31451025.357489	1404	74	0.32508	8.988069343566895	1	1119	0.0465537	noncoding
ENST00000431558.1	614	76	0.44245999999999996	11.646552085876465	1	27	0.213795	noncoding
ENST00000424691.2	1101	92	0.41039	7.002131843566894	1	446	0.263971	noncoding
ENST00000658562.1	805	40	0.3305	6.498140525817871	1	203	0.00972643	noncoding
ENST00000424349.1	3533	74	0.30235	6.806378364562988	1	2425	0.0457096	noncoding
ENST00000655760.1	2512	79	0.30882	7.76360378265381	1	652	0.0494306	noncoding
SRR31451039.2928	3142	53	0.31261000000000005	9.698639869689941	1	82	0.02326	noncoding
SRR31451019.33745	382	21	0.37949	10.834250450134277	1	132	0.0110546	noncoding
ENST00000434363.3	663	47	0.33494	11.13383502960205	1	410	0.0257287	noncoding
ENST00000692276.1	1908	75	0.3399	9.202104377746583	1	996	0.0559208	noncoding
ENST00000478666.6	680	77	0.42078	11.711342811584473	1	1	0.149605	noncoding
SRR31451025.84358	858	71	0.44187	9.348576545715332	1	83	0.158455	noncoding
ENST00000665741.1	1028	109	0.32915	4.898748207092285	1	564	0.45605	noncoding
SRR31451035.13862	1032	116	0.39003	5.323164939880371	1	22	0.709318	coding
ENST00000511301.1	1247	35	0.34813	7.9068700790405275	1	1102	0.00808419	noncoding
SRR31451031.18579	1463	89	0.31970000000000004	11.646552085876465	1	195	0.0717569	noncoding
ENST00000500232.3	2310	89	0.33893	11.646552085876465	1	183	0.0835693	noncoding
ENST00000461864.7	746	64	0.31333	5.053804969787596	1	392	0.0553018	noncoding
ENST00000670711.1	421	64	0.37183	5.053804969787596	1	84	0.0769583	noncoding
ENST00000467198.1	252	53	0.37426	9.744928169250485	-1	93	0.111619	noncoding
ENST00000668118.1	737	90	0.36836	9.864903831481932	-1	466	0.14043	noncoding
SRR31451025.117481	306	53	0.38756999999999997	6.691336250305175	1	54	0.0270941	noncoding
ENST00000657986.1	1852	70	0.34295	9.09695644378662	1	330	0.0463266	noncoding
ENST00000476964.6	3108	53	0.3118	11.999967765808105	1	910	0.0280714	noncoding
ENST00000645583.2	1788	70	0.34295	9.09695644378662	1	284	0.0463266	noncoding
ENST00000477928.1	3189	58	0.2831	9.181216621398928	1	147	0.0246484	noncoding
SRR31451040.112447	1078	62	0.4494	11.474743843078613	1	42	0.146637	noncoding
SRR31451025.282010	1486	49	0.37120000000000003	6.208375358581542	1	422	0.0204904	noncoding
SRR31451030.35458	1137	49	0.41428	6.208375358581542	1	29	0.0302543	noncoding
SRR31451034.96463	1053	49	0.42636999999999997	6.208375358581542	1	20	0.0334475	noncoding
SRR31451017.15379	1037	32	0.41774999999999995	6.07122287750244	1	33	0.0111283	noncoding
ENST00000482098.1	1647	50	0.36699000000000004	11.927182960510255	1	396	0.0289565	noncoding
ENST00000655253.1	1387	61	0.27918000000000004	9.94007396697998	1	632	0.0313843	noncoding
ENST00000447982.8	1104	71	0.38576	11.999967765808105	1	36	0.0664419	noncoding
ENST00000414354.3	694	25	0.37813	11.999967765808105	1	76	0.0127418	noncoding
SRR31451019.16112	589	25	0.31235999999999997	11.999967765808105	1	81	0.0150213	noncoding
SRR31451031.43304	584	14	0.41170999999999996	4.812011909484863	1	442	0.00554396	noncoding
SRR31451032.18130	412	14	0.45493999999999996	4.812011909484863	1	277	0.00643537	noncoding
SRR31451036.105297	433	104	0.43987000000000004	9.651449012756348	1	69	0.53948	coding
SRR31451039.50324	2141	257	0.45064000000000004	4.519177436828613	1	184	0.999993	coding
ENST00000690192.1	2487	115	0.39335000000000003	9.245427131652832	1	792	0.451886	noncoding
SRR31451020.37143	1157	89	0.44553999999999994	8.757143592834474	1	56	0.3309	noncoding
SRR31451024.58644	910	40	0.39896	5.31566219329834	1	184	0.0208403	noncoding
SRR31451025.257547	1816	53	0.30577	5.353573799133301	1	1537	0.0281102	noncoding
SRR31451042.63841	1320	53	0.30829	5.353573799133301	1	1041	0.0277288	noncoding
ENST00000551938.1	1117	53	0.32182	5.353573799133301	1	838	0.0267447	noncoding
SRR31451017.90574	4333	129	0.28338	5.719162178039551	1	309	0.510843	coding
SRR31451025.222935	3774	79	0.28334000000000004	8.98297634124756	1	3493	0.0457433	noncoding
SRR31451029.40026	1929	68	0.32104	7.998995399475097	1	79	0.0330125	noncoding
SRR31451017.122282	1934	79	0.28358	8.98297634124756	1	1635	0.0457545	noncoding
SRR31451020.243820	1805	79	0.27893	8.98297634124756	1	1524	0.0456547	noncoding
SRR31451024.207387	970	53	0.30493	7.804881095886231	1	667	0.0168662	noncoding
SRR31451037.135022	985	53	0.28491	7.804881095886231	1	667	0.0179776	noncoding
SRR31451030.27834	1503	79	0.27665	8.98297634124756	1	1222	0.045699	noncoding
SRR31451028.23766	1801	168	0.38859	9.841953086853025	1	437	0.898154	coding
SRR31451024.39921	1619	168	0.36597	9.841953086853025	1	255	0.82631	coding
SRR31451025.263086	4150	119	0.32072	10.846306037902831	1	2933	0.181529	noncoding
ENST00000566760.1	571	110	0.38835	4.666163063049316	1	1	0.719583	coding
ENST00000313807.5	1546	60	0.28243	5.651182746887207	1	135	0.0422837	noncoding
SRR31451019.127261	1655	80	0.31857	9.342645454406739	1	107	0.0573636	noncoding
ENST00000418824.3	627	166	0.43598	10.433450508117673	1	25	0.962549	coding
ENST00000559366.1	674	48	0.3461000000000001	11.19030933380127	1	108	0.0274597	noncoding
ENST00000654079.1	1889	105	0.37390999999999996	7.079773902893066	1	1474	0.304044	noncoding
SRR31451024.163146	1265	50	0.35651999999999995	4.1858736038208	1	1087	0.047383	noncoding
SRR31451040.71189	1265	50	0.35651999999999995	4.1858736038208	1	1087	0.047383	noncoding
SRR31451030.26605	988	42	0.36258	11.999967765808105	1	112	0.0214815	noncoding
SRR31451034.1202	1223	50	0.35651999999999995	4.1858736038208	1	1062	0.047383	noncoding
ENST00000556895.5	916	50	0.32989	4.1858736038208	1	738	0.0414101	noncoding
SRR31451020.236348	1110	50	0.34807	4.1858736038208	1	932	0.0444471	noncoding
SRR31451025.273922	1110	50	0.34807	4.1858736038208	1	932	0.0444471	noncoding
SRR31451039.75917	1110	50	0.34807	4.1858736038208	1	932	0.0444471	noncoding
SRR31451028.120997	1764	50	0.37149	4.1858736038208	1	932	0.0549025	noncoding
SRR31451029.6781	1764	50	0.37149	4.1858736038208	1	932	0.0549025	noncoding
SRR31451035.52850	1764	50	0.37149	4.1858736038208	1	932	0.0549025	noncoding
SRR31451042.74206	1081	50	0.34807	4.1858736038208	1	920	0.0444471	noncoding
SRR31451017.176629	940	50	0.36432000000000003	4.1858736038208	1	779	0.0509339	noncoding
SRR31451036.121333	957	50	0.36756	4.1858736038208	1	779	0.0526445	noncoding
SRR31451027.179080	617	50	0.35494000000000003	4.1858736038208	1	456	0.0467618	noncoding
SRR31451025.270098	1048	55	0.28107000000000004	8.35254001617432	1	534	0.0201733	noncoding
SRR31451020.332956	1097	55	0.29428	8.35254001617432	1	583	0.0192579	noncoding
ENST00000555772.2	1344	55	0.32375	8.35254001617432	1	830	0.0198384	noncoding
SRR31451028.113641-2	1687	265	0.45276	4.633878517150879	1	616	0.999996	coding
ENST00000557932.5	1664	265	0.4608	4.633878517150879	1	608	0.999996	coding
SRR31451029.14829	1642	145	0.34175	9.942008018493652	1	9	0.496951	noncoding
SRR31451017.23915-3	1398	265	0.47486000000000006	4.633878517150879	1	342	0.999995	coding
SRR31451019.35914-1	1225	265	0.47867	4.633878517150879	1	169	0.999995	coding
SRR31451035.13220-3	1183	265	0.4526	4.633878517150879	1	127	0.999996	coding
SRR31451028.43020	2763	89	0.29541000000000006	4.385037422180175	-1	2495	0.0674185	noncoding
SRR31451020.274993-2	833	84	0.44814	5.811582374572754	1	320	0.313993	noncoding
SRR31451034.84020	683	89	0.41352	4.385037422180175	-1	415	0.0414877	noncoding
ENST00000687153.1	941	50	0.33936999999999995	7.657485389709472	1	347	0.0156896	noncoding
ENST00000518481.2	615	54	0.35275999999999996	7.9550279617309565	1	347	0.0210097	noncoding
ENST00000521541.1	842	54	0.34833000000000003	6.1342573165893555	1	101	0.0234274	noncoding
ENST00000518934.2	505	55	0.38514000000000004	9.580920600891112	1	325	0.0382651	noncoding
ENST00000520348.6	460	31	0.40497	9.779096412658689	1	135	0.0154001	noncoding
ENST00000520944.6	467	30	0.37993	9.185600471496581	1	135	0.0101789	noncoding
ENST00000521399.7	355	27	0.37961	8.366529655456542	1	127	0.00683942	noncoding
ENST00000686474.2	398	46	0.42135	9.781739616394038	1	135	0.0385523	noncoding
ENST00000518143.2	1754	72	0.37170000000000003	9.13828067779541	1	627	0.0668227	noncoding
SRR31451034.65107	413	38	0.41698	9.681684684753417	1	122	0.0238528	noncoding
ENST00000522817.3	512	38	0.38230000000000003	9.681684684753417	1	252	0.0175049	noncoding
ENST00000524003.1	2171	70	0.32260999999999995	8.008214378356932	1	899	0.0362603	noncoding
ENST00000521696.1	335	40	0.42603	9.020625877380368	1	160	0.0240187	noncoding
ENST00000436771.3	467	106	0.38704000000000005	5.824030113220215	1	86	0.480357	noncoding
SRR31451029.158273	2958	98	0.28648	10.101373863220214	1	2452	0.0825368	noncoding
ENST00000521102.3	1600	37	0.37703	8.885177803039554	1	444	0.0128479	noncoding
SRR31451024.178088	1311	37	0.35248	8.885177803039554	1	203	0.0113134	noncoding
ENST00000500902.1	573	37	0.39885000000000004	8.885177803039554	1	444	0.0150909	noncoding
SRR31451024.34954	819	63	0.37263	4.442785835266113	1	120	0.102697	noncoding
SRR31451029.26996	1324	68	0.35927999999999993	4.445627784729004	1	1034	0.117885	noncoding
ENST00000517411.4	600	38	0.3489	4.0500284194946286	1	236	0.0236087	noncoding
ENST00000518073.3	376	16	0.39993999999999996	9.500335121154787	1	313	0.00641209	noncoding
SRR31451025.144928-1	766	53	0.44343	11.008637428283691	1	155	0.0915215	noncoding
SRR31451018.110385	409	41	0.37295	5.6070756912231445	1	148	0.0155706	noncoding
SRR31451030.67903	662	92	0.46286	7.874700355529785	1	89	0.397974	noncoding
ENST00000515467.2	994	124	0.43859	7.790569114685059	1	300	0.772089	coding
SRR31451042.81982	984	129	0.45511999999999997	9.097085380554201	1	300	0.862382	coding
ENST00000689007.2	1304	59	0.33764	6.689233207702637	1	478	0.0255193	noncoding
ENST00000690916.2	1336	59	0.29395000000000004	6.689233207702637	1	692	0.0249199	noncoding
ENST00000692105.1	668	84	0.42272	9.058146476745605	1	395	0.211184	noncoding
ENST00000502001.2	949	44	0.35506000000000004	7.932012748718262	1	645	0.0130084	noncoding
ENST00000509788.3	400	24	0.34541999999999995	10.028460121154787	1	322	0.00933324	noncoding
ENST00000659142.2	2226	71	0.31029	9.633720207214353	1	438	0.0414908	noncoding
ENST00000513560.7	3812	74	0.3142	10.495211219787596	1	127	0.0512359	noncoding
SRR31451017.173725	803	110	0.34763	8.548394966125489	1	201	0.230577	noncoding
ENST00000421004.4	1389	72	0.34359	11.999967765808105	1	275	0.0480016	noncoding
ENST00000654717.2	1158	96	0.32225000000000004	5.444629859924316	1	757	0.214056	noncoding
ENST00000671394.1	659	59	0.34298	7.685563850402833	1	466	0.0246646	noncoding
SRR31451024.8615	595	25	0.46622	4.52963581085205	1	495	0.0150838	noncoding
SRR31451025.192298	704	77	0.32533	10.760369682312014	1	155	0.0605458	noncoding
SRR31451020.127211	479	59	0.38609	7.685563850402833	1	286	0.0353099	noncoding
ENST00000665319.2	670	59	0.35234	7.685563850402833	1	470	0.0262982	noncoding
ENST00000686847.1	440	59	0.42139	7.685563850402833	1	243	0.0508088	noncoding
ENST00000665865.1	825	65	0.29754	7.755362129211425	1	470	0.0274961	noncoding
ENST00000505030.6	3551	63	0.3	8.638844108581544	1	1674	0.0265364	noncoding
ENST00000671514.1	2130	64	0.35559999999999997	6.812687492370605	1	159	0.0366387	noncoding
ENST00000607112.1	611	40	0.40819	4.944617271423339	1	262	0.0274597	noncoding
SRR31451025.356776	1369	153	0.30852999999999997	10.218383979797363	1	105	0.370867	noncoding
SRR31451020.316401	820	64	0.34026999999999996	6.812687492370605	1	43	0.0327252	noncoding
ENST00000659336.1	1020	64	0.35824	6.812687492370605	1	243	0.0374625	noncoding
SRR31451036.167503	512	40	0.40702000000000005	4.944617271423339	1	178	0.027161	noncoding
ENST00000654055.1	992	64	0.31109	6.812687492370605	1	227	0.0293132	noncoding
ENST00000663232.1	657	23	0.35611	10.347191810607907	1	47	0.010036	noncoding
ENST00000702181.1	389	23	0.29319	10.347191810607907	1	18	0.0119604	noncoding
ENST00000689029.1	1184	47	0.32034	11.999967765808105	1	456	0.0240359	noncoding
SRR31451019.117457	717	60	0.41013	6.021659278869628	1	79	0.060108	noncoding
ENST00000506672.6	1582	157	0.40407	4.844864845275878	1	674	0.984714	coding
SRR31451025.7381	2371	127	0.38634999999999997	4.865440559387206	1	622	0.864564	coding
SRR31451024.152617	1191	157	0.41615	4.844864845275878	1	283	0.987665	coding
SRR31451022.132039	1050	157	0.41257	4.844864845275878	1	142	0.986902	coding
SRR31451020.74536	924	157	0.39104999999999995	4.844864845275878	1	16	0.980155	coding
SRR31451035.47309	924	157	0.39104999999999995	4.844864845275878	1	16	0.980155	coding
SRR31451020.328799	1479	55	0.34571	8.000800514221194	1	50	0.0211637	noncoding
ENST00000433265.5	832	59	0.35730999999999996	9.151625633239746	1	190	0.0329706	noncoding
ENST00000514146.1	1117	54	0.35507999999999995	8.365627098083497	1	459	0.0224766	noncoding
ENST00000507434.1	672	41	0.45875000000000005	10.72878017425537	1	435	0.0672584	noncoding
SRR31451025.144928-1	766	12	0.31567	11.999967765808105	1	290	0.0108459	noncoding
ENST00000422230.1	1244	94	0.29404	9.509360694885256	1	807	0.0765101	noncoding
SRR31451028.31515	2082	194	0.3183	5.152079582214354	1	545	0.985129	coding
ENST00000447039.1	924	48	0.31001	8.385096549987793	1	315	0.0146045	noncoding
ENST00000608770.1	4009	66	0.26899	9.600454521179199	1	3669	0.0349363	noncoding
ENST00000663069.3	1217	80	0.36805	6.057752037048339	1	435	0.116435	noncoding
ENST00000451368.1	2264	110	0.35312	10.047671699523924	1	391	0.23373	noncoding
ENST00000449537.1	1770	45	0.27911	7.824350547790528	1	634	0.013977	noncoding
ENST00000425358.2	1045	81	0.37142	9.128739356994632	1	447	0.0985919	noncoding
ENST00000434063.3	752	51	0.27739	5.130764961242675	1	244	0.0405268	noncoding
ENST00000429611.7	912	81	0.30765	9.128739356994632	1	314	0.0540649	noncoding
ENST00000522193.1	1356	77	0.33677	11.250909614562985	1	124	0.0637885	noncoding
SRR31451025.98650	1114	82	0.34123000000000003	10.130191230773924	1	340	0.0800347	noncoding
ENST00000381639.3	1165	82	0.34048	10.130191230773924	1	391	0.0794524	noncoding
SRR31451024.228745	1082	92	0.38541000000000003	9.889788627624512	1	18	0.191135	noncoding
SRR31451017.203662	1097	82	0.37342	10.130191230773924	1	323	0.113356	noncoding
ENST00000420185.1	1022	66	0.33810999999999997	6.706853294372559	1	244	0.0363659	noncoding
ENST00000669134.2	1276	72	0.34566	9.945489311218264	1	692	0.0573461	noncoding
ENST00000659906.1	1071	56	0.36863999999999997	9.183215141296387	1	269	0.0318207	noncoding
ENST00000653933.1	1003	72	0.39068	9.853492927551269	1	116	0.0905949	noncoding
ENST00000458087.3	897	70	0.41037999999999997	8.662181663513184	1	66	0.0892115	noncoding
ENST00000577700.5	398	17	0.42194000000000004	6.495639610290527	1	306	0.00409382	noncoding
ENST00000578968.6	810	58	0.3417	8.659022712707518	1	273	0.0258422	noncoding
SRR31451027.231006	659	58	0.34883000000000003	8.659022712707518	1	134	0.0270985	noncoding
SRR31451022.106311	641	54	0.38649999999999995	9.890820121765138	1	22	0.0394046	noncoding
ENST00000701428.1	441	38	0.33722	5.301907157897949	1	267	0.0121139	noncoding
SRR31451027.129047	2061	143	0.38303999999999994	4.289718437194825	1	58	0.964324	coding
ENST00000455909.5	2451	143	0.34128000000000003	4.289718437194825	1	448	0.921023	coding
SRR31451033.26992	2185	254	0.41284	4.6139848709106435	1	3	0.999984	coding
ENST00000688735.2	1489	55	0.34327	6.705148124694825	1	1253	0.0213516	noncoding
SRR31451017.153918	2654	73	0.31209	6.040245628356933	1	620	0.0556375	noncoding
SRR31451025.178081	2000	59	0.30233	9.340324592590331	1	1817	0.0258867	noncoding
SRR31451030.90373	1712	67	0.34626	8.95744686126709	1	328	0.0411982	noncoding
SRR31451025.381794	1624	59	0.30485	9.340324592590331	1	1437	0.0259923	noncoding
SRR31451028.21627	1044	59	0.35348999999999997	7.8925580978393555	1	28	0.0267946	noncoding
SRR31451027.81944	1117	55	0.30938	6.705148124694825	1	488	0.0197496	noncoding
SRR31451032.48664	1184	59	0.33342	9.340324592590331	1	1001	0.0290513	noncoding
SRR31451024.225593	840	89	0.35248	8.857069587707517	1	121	0.108819	noncoding
SRR31451027.43252	1400	89	0.32183	8.857069587707517	1	28	0.0790785	noncoding
ENST00000452565.1	522	58	0.35089	7.975722312927246	1	6	0.025204	noncoding
SRR31451024.168490	1606	42	0.39725	10.439317131042479	1	971	0.0282754	noncoding
SRR31451028.30333	1471	83	0.43714000000000003	8.021881675720216	1	2	0.218173	noncoding
SRR31451029.146520	1286	42	0.44185	10.439317131042479	1	971	0.0494501	noncoding
SRR31451020.139837	543	55	0.34292999999999996	9.38029499053955	1	108	0.0264072	noncoding
SRR31451026.6663	428	27	0.33523	8.023751258850098	1	96	0.00553579	noncoding
SRR31451029.152175	428	27	0.33523	8.023751258850098	1	96	0.00553579	noncoding
ENST00000416602.6	1022	151	0.39178999999999997	5.917473411560058	1	276	0.939423	coding
SRR31451021.6628	753	151	0.42847999999999997	5.917473411560058	1	11	0.967649	coding
SRR31451030.59065	753	151	0.42847999999999997	5.917473411560058	1	11	0.967649	coding
SRR31451032.80853	550	80	0.47591	6.39475040435791	1	21	0.237501	noncoding
SRR31451027.21803	365	53	0.46189	8.19962100982666	1	25	0.0595247	noncoding
ENST00000453858.3	1666	153	0.40764999999999996	9.454433631896975	1	538	0.884002	coding
ENST00000685034.2	1477	153	0.3453	9.454433631896975	1	372	0.623435	coding
ENST00000691023.2	1259	95	0.37092	9.120809745788574	1	328	0.174333	noncoding
SRR31451033.21889	1511	153	0.34624	9.454433631896975	1	406	0.628667	coding
SRR31451022.128320	980	153	0.41083000000000003	9.454433631896975	1	57	0.891884	coding
SRR31451041.75317	1029	123	0.35879000000000005	9.494597434997559	1	14	0.378938	noncoding
ENST00000544802.5	3372	531	0.41694000000000003	9.175672340393067	1	868	1	coding
SRR31451025.23584	3024	531	0.43977	9.175672340393067	1	462	1	coding
SRR31451038.26123	2080	190	0.39066999999999996	4.974685096740722	1	362	0.997289	coding
SRR31451020.104249	1292	42	0.33755999999999997	5.498115348815917	1	356	0.0140867	noncoding
SRR31451028.39929	1252	42	0.34128	5.498115348815917	1	316	0.0142276	noncoding
SRR31451025.403187	2645	46	0.32791	4.207017707824707	1	1334	0.0325594	noncoding
SRR31451017.194745	2544	46	0.29456	4.207017707824707	1	1233	0.0417081	noncoding
SRR31451028.116002	2312	46	0.28247	4.207017707824707	1	1114	0.0521497	noncoding
ENST00000435932.2	1206	57	0.33694999999999997	11.711342811584473	1	84	0.033376	noncoding
SRR31451020.78315	451	5	0.45422	5.275022315979004	-1	435	0.0105084	noncoding
SRR31451022.116120	495	5	0.43908	5.275022315979004	-1	479	0.0100299	noncoding
SRR31451033.63656	971	175	0.29331	11.09734592437744	1	292	0.353748	noncoding
SRR31451024.20459	919	217	0.43368	9.387773323059083	1	114	0.997938	coding
ENST00000438382.2	1427	367	0.45958	8.949904060363771	1	172	1	coding
SRR31451029.62587	1139	335	0.46481	8.892656135559083	1	85	0.999999	coding
SRR31451034.65866	1263	42	0.34128	5.498115348815917	1	316	0.0142276	noncoding
ENST00000621948.4	2445	72	0.37494	4.0500284194946286	1	389	0.217428	noncoding
SRR31451041.70353	1325	42	0.31445999999999996	5.498115348815917	1	389	0.0143887	noncoding
SRR31451039.126893	1359	42	0.34128	5.498115348815917	1	423	0.0142276	noncoding
SRR31451022.33061	1446	91	0.33279	4.303416633605957	1	25	0.315314	noncoding
SRR31451030.82195	1635	146	0.35845	5.294972801208496	1	49	0.897153	coding
SRR31451035.38528	1975	146	0.38249999999999995	5.294972801208496	1	389	0.934852	coding
SRR31451040.134956	1992	146	0.38249999999999995	5.294972801208496	1	406	0.934852	coding
SRR31451037.118754	2783	405	0.40880999999999995	9.564545631408691	1	44	1	coding
ENST00000622829.4	3605	405	0.3978	9.564545631408691	1	866	0.999999	coding
SRR31451021.42505	2441	217	0.42266999999999993	9.627079963684082	1	383	0.996781	coding
SRR31451025.365007	2289	246	0.35905	9.51645221710205	1	149	0.992425	coding
SRR31451026.50129	1184	42	0.31281	5.498115348815917	1	380	0.0145005	noncoding
SRR31451036.34687	1876	146	0.37566	5.294972801208496	1	450	0.925649	coding
SRR31451023.80175	2253	217	0.41156	9.627079963684082	1	258	0.995346	coding
SRR31451020.244863	3021	405	0.44986999999999994	9.564545631408691	1	462	1	coding
SRR31451042.114293	1311	114	0.34147	4.568570518493654	1	16	0.621302	coding
SRR31451031.86398	2930	405	0.44986999999999994	9.564545631408691	1	462	1	coding
SRR31451025.376408	1440	92	0.38703	10.078423118591306	1	243	0.195679	noncoding
ENST00000614592.4	3330	405	0.40299999999999997	9.564545631408691	1	462	0.999999	coding
SRR31451019.8452	1178	146	0.36977000000000004	5.294972801208496	1	191	0.91675	coding
SRR31451032.106016	1686	217	0.42445	9.627079963684082	1	231	0.996964	coding
SRR31451038.1792	2081	217	0.41799	9.627079963684082	1	231	0.996242	coding
SRR31451021.13256	2714	405	0.40299999999999997	9.564545631408691	1	3	0.999999	coding
SRR31451038.26391	2596	405	0.37041	9.564545631408691	1	42	0.999996	coding
ENST00000616377.4	3407	405	0.3619	9.564545631408691	1	866	0.999993	coding
ENST00000428392.1	3255	164	0.30573000000000006	5.46560344696045	1	2398	0.892072	coding
SRR31451017.201459	2133	118	0.31118	6.889306449890138	1	780	0.272865	noncoding
SRR31451020.87698	1176	118	0.41838000000000003	6.889306449890138	1	457	0.671138	coding
SRR31451027.184222	910	120	0.36638999999999994	8.384451866149902	1	45	0.404589	noncoding
SRR31451023.144212	859	164	0.42508999999999997	5.46560344696045	1	2	0.989008	coding
SRR31451025.18780	1419	118	0.38499	6.889306449890138	1	132	0.538832	coding
SRR31451030.84295	392	109	0.41780000000000006	9.258514213562012	-1	66	0.11371	noncoding
SRR31451026.4776	366	41	0.39475	9.302288246154784	1	173	0.0200354	noncoding
ENST00000654794.2	886	60	0.44252	9.245362663269042	1	128	0.0910437	noncoding
ENST00000663654.3	610	34	0.46774000000000004	9.622825050354006	1	339	0.0380648	noncoding
ENST00000687850.2	643	34	0.47165	9.697157096862792	1	102	0.0419993	noncoding
ENST00000414797.7	1191	48	0.38203	7.658451652526856	1	973	0.0187724	noncoding
ENST00000661943.3	1490	91	0.30981	10.041289329528809	1	138	0.0800709	noncoding
ENST00000421293.4	1240	51	0.3	9.514260292053223	1	881	0.0206613	noncoding
SRR31451036.159257	1979	38	0.37649	11.999967765808105	1	126	0.0198531	noncoding
SRR31451027.205382	845	89	0.44927000000000006	5.258141136169433	1	298	0.457724	noncoding
SRR31451017.112229	470	141	0.4309	9.367078971862792	-1	46	0.157041	noncoding
SRR31451029.77270	2538	128	0.36109	8.864483451843263	1	1921	0.461069	noncoding
SRR31451040.19598	2076	128	0.3777	8.864483451843263	1	1459	0.543945	coding
SRR31451037.90141	2204	128	0.3416	8.864483451843263	1	1587	0.369887	noncoding
SRR31451039.178904	2204	128	0.3416	8.864483451843263	1	1587	0.369887	noncoding
SRR31451035.91770	2326	186	0.37473	8.966407966613772	1	42	0.94919	coding
ENST00000543273.5	2846	164	0.34571	8.779707527160646	1	232	0.76269	coding
SRR31451029.167424	3116	159	0.28572000000000003	9.763946342468262	1	753	0.338982	noncoding
ENST00000691424.1	858	87	0.44930999999999993	9.382293510437012	1	523	0.346547	noncoding
ENST00000675162.3	922	87	0.43398	9.382293510437012	1	587	0.285825	noncoding
SRR31451027.36179	732	87	0.46531	9.382293510437012	1	401	0.41859	noncoding
ENST00000675836.2	650	23	0.42886	10.00041637420654	-1	582	0.0730875	noncoding
SRR31451040.31666	670	73	0.41828	6.521444511413574	-1	452	0.0331239	noncoding
SRR31451037.82900	1277	66	0.40852	4.992930412292479	-1	1080	0.0261434	noncoding
SRR31451019.10072	848	65	0.42726000000000003	5.170609092712401	1	269	0.13444	noncoding
SRR31451033.115192	559	60	0.4194	5.100697135925292	-1	379	0.0245561	noncoding
SRR31451029.2196	803	65	0.42138000000000003	5.170609092712401	1	273	0.128556	noncoding
SRR31451030.37667	483	65	0.44803	5.170609092712401	1	100	0.14797	noncoding
SRR31451038.76358-1	813	248	0.46662	10.712598609924317	1	11	0.999785	coding
ENST00000701594.1	1241	55	0.36801	8.254354667663574	1	352	0.0256064	noncoding
ENST00000703250.1	1372	55	0.35905	8.254354667663574	1	483	0.0238734	noncoding
SRR31451040.519	2239	44	0.36161	5.376593589782716	1	415	0.0186429	noncoding
SRR31451036.44759	896	55	0.39696	8.254354667663574	1	134	0.0334039	noncoding
ENST00000633705.1	569	48	0.40919	10.686231040954592	1	125	0.0432851	noncoding
SRR31451020.309372	425	42	0.43117999999999995	10.717820549011229	1	116	0.0441006	noncoding
ENST00000466254.1	758	48	0.47330000000000005	10.717820549011229	1	316	0.125855	noncoding
ENST00000429630.3	1193	178	0.32981	8.462200736999513	1	250	0.814803	coding
ENST00000481651.3	1886	57	0.31637000000000004	8.73960819244385	1	941	0.0222772	noncoding
SRR31451024.268244	956	145	0.46489	9.011342430114745	1	291	0.951001	coding
ENST00000488315.5	2498	135	0.30895	9.513099861145019	1	1357	0.278423	noncoding
SRR31451038.76358-1	812	33	0.37563	11.700254249572755	1	186	0.0177615	noncoding
SRR31451027.110173	657	86	0.31425000000000003	9.818164253234862	1	388	0.0704413	noncoding
ENST00000467458.3	1061	51	0.34452	7.811908149719238	1	410	0.0170705	noncoding
SRR31451029.68487	253	48	0.41591999999999996	10.06804370880127	-1	109	0.0973752	noncoding
ENST00000688530.2	562	84	0.35293	11.297971534729005	1	23	0.0901473	noncoding
ENST00000323813.5	838	124	0.38788	11.999967765808105	1	88	0.339936	noncoding
SRR31451040.157985	973	129	0.36094	7.694089698791504	1	443	0.523285	coding
ENST00000700825.1	330	29	0.46807	4.0500284194946286	1	59	0.0266923	noncoding
SRR31451033.86840	290	29	0.46134000000000003	4.0500284194946286	1	19	0.0284513	noncoding
ENST00000582008.6	3758	96	0.30816	9.63939342498779	1	3134	0.0907702	noncoding
ENST00000583065.1	743	64	0.47071	11.779937171936037	1	525	0.234666	noncoding
ENST00000399070.3	635	66	0.46918000000000004	5.601789665222167	1	243	0.129505	noncoding
ENST00000465539.3	509	66	0.47402	5.601789665222167	1	117	0.126379	noncoding
ENST00000589905.2	753	99	0.31190999999999997	5.463102531433106	1	430	0.230255	noncoding
ENST00000701375.1	751	39	0.32716999999999996	6.805923652648925	1	627	0.00893349	noncoding
ENST00000687839.2	370	15	0.42489999999999994	8.344223594665529	1	251	0.00472737	noncoding
ENST00000581192.1	2373	91	0.2908	9.82712535858154	1	1713	0.0698037	noncoding
ENST00000580048.1	3249	114	0.29251000000000005	10.286333656311033	1	608	0.126792	noncoding
ENST00000572007.1	952	44	0.30575	4.722376823425292	1	91	0.0242393	noncoding
ENST00000583511.3	681	24	0.30238	11.999967765808105	1	13	0.0160459	noncoding
ENST00000575722.1	1054	23	0.28019	11.999967765808105	1	63	0.0208139	noncoding
SRR31451042.30479	697	59	0.43439999999999995	10.033875465393066	1	87	0.0921911	noncoding
ENST00000469754.3	910	69	0.36624	9.183473014831542	1	368	0.0556769	noncoding
ENST00000655550.1	857	79	0.36593	5.138324546813963	1	143	0.157808	noncoding
ENST00000659280.2	650	69	0.34591	9.183473014831542	1	108	0.0461432	noncoding
ENST00000610846.1	1705	74	0.34451	7.890108299255371	1	558	0.0507248	noncoding
SRR31451029.161184	662	18	0.37100999999999995	7.755362129211425	1	319	0.00355585	noncoding
ENST00000438290.2	2981	85	0.32076000000000005	11.999967765808105	1	157	0.058557	noncoding
ENST00000617298.1	2011	48	0.36597	5.147191429138182	1	21	0.0270548	noncoding
ENST00000659867.1	875	46	0.38195	9.21403102874756	1	392	0.0224345	noncoding
SRR31451042.2373-2	602	84	0.43467000000000006	8.028070640563964	1	62	0.222733	noncoding
SRR31451023.138349-1	778	84	0.43385	8.028070640563964	1	238	0.220783	noncoding
SRR31451019.84285	785	84	0.4389	8.028070640563964	1	245	0.232913	noncoding
SRR31451020.274993-1	860	84	0.44758	8.028070640563964	1	320	0.254277	noncoding
SRR31451038.5570	1167	265	0.44871	4.713055229187011	1	84	0.999995	coding
SRR31451036.138790-2	1161	265	0.47734	4.713055229187011	1	78	0.999995	coding
SRR31451025.316526	1682	265	0.47284000000000004	4.713055229187011	1	599	0.999995	coding
SRR31451031.107358-2	1583	265	0.46637999999999996	4.713055229187011	1	500	0.999995	coding
ENST00000545526.1	600	48	0.31508	9.518902015686034	1	44	0.0188295	noncoding
SRR31451038.33020	686	42	0.39765000000000006	10.446408653259276	1	18	0.0284159	noncoding
SRR31451025.273810	788	58	0.43412000000000006	4.117894172668456	1	329	0.174486	noncoding
ENST00000504270.3	575	39	0.32148	9.51703243255615	1	347	0.013721	noncoding
SRR31451025.305	586	39	0.3406	9.51703243255615	1	415	0.0141959	noncoding
SRR31451025.137819	1415	187	0.36575	8.922182655334474	1	170	0.938706	coding
SRR31451021.32565	579	72	0.45988999999999997	4.638823509216309	-1	364	0.0424633	noncoding
SRR31451019.104151	1050	42	0.3434	9.650417518615722	1	273	0.0167667	noncoding
ENST00000552975.6	373	62	0.34711000000000003	8.990261268615722	1	23	0.0337091	noncoding
ENST00000702774.1	484	45	0.39236000000000004	4.641665458679199	1	159	0.0383216	noncoding
ENST00000691079.1	683	146	0.34559	6.1655187606811515	1	59	0.792159	coding
ENST00000702204.1	305	44	0.36991	9.690710258483886	1	13	0.0211304	noncoding
ENST00000702672.1	680	145	0.33691000000000004	6.1655187606811515	1	59	0.753776	coding
ENST00000546566.7	1478	65	0.36924	7.96450481414795	1	388	0.0414252	noncoding
ENST00000508564.1	1276	129	0.3554	10.962864875793457	1	17	0.354629	noncoding
ENST00000637951.1	1730	139	0.31257	10.52731647491455	1	1167	0.276592	noncoding
SRR31451017.137046	1838	139	0.36302999999999996	10.52731647491455	1	1275	0.519347	coding
ENST00000487582.1	1100	130	0.34233	8.387481880187988	1	533	0.411881	noncoding
ENST00000549565.4	282	32	0.44673999999999997	11.526318550109863	1	110	0.0370725	noncoding
ENST00000660360.2	374	25	0.41306	10.044254875183103	1	158	0.0134026	noncoding
ENST00000667438.1	442	65	0.32518	8.539047050476075	1	166	0.0309647	noncoding
ENST00000659090.1	611	65	0.31723	8.539047050476075	1	335	0.0297583	noncoding
ENST00000549651.1	860	54	0.35312	6.254471778869629	1	270	0.0234356	noncoding
ENST00000553135.3	931	99	0.33947000000000005	11.44212284088135	1	208	0.117243	noncoding
SRR31451025.73105	985	70	0.35646	5.726437568664552	1	680	0.0685341	noncoding
ENST00000442119.7	580	59	0.41376	11.293652153015138	1	336	0.0731481	noncoding
ENST00000456429.6	912	69	0.43369	10.875058937072755	1	309	0.154349	noncoding
ENST00000500741.2	1204	87	0.33642000000000005	11.145181465148926	1	848	0.0864235	noncoding
SRR31451031.29337	886	174	0.44609	5.369545555114747	-1	363	0.17801	noncoding
SRR31451038.53292	1171	98	0.36573999999999995	8.390060615539554	1	415	0.183242	noncoding
SRR31451031.100363	1348	183	0.42824999999999996	7.707503700256347	1	38	0.990086	coding
ENST00000620528.5	1584	269	0.44698999999999994	8.502493476867677	1	16	0.99995	coding
SRR31451017.82614	1491	238	0.42649	8.289941215515139	1	16	0.999486	coding
SRR31451020.34924	995	156	0.43386	5.372160148620606	1	118	0.98453	coding
SRR31451030.16795	725	93	0.45715999999999996	5.740760993957521	1	174	0.469621	noncoding
ENST00000617746.4	2291	121	0.34157000000000004	8.507006263732912	1	144	0.310352	noncoding
SRR31451029.12667	468	82	0.44359999999999994	11.999967765808105	1	77	0.240392	noncoding
SRR31451024.207527	502	82	0.42105	11.999967765808105	1	111	0.160615	noncoding
ENST00000610664.5	945	241	0.35366	9.09360408782959	1	77	0.991118	coding
SRR31451028.112388	886	51	0.33002999999999993	9.649579429626463	1	302	0.0225403	noncoding
ENST00000624728.1	870	51	0.35258	4.418004035949708	1	255	0.0424996	noncoding
ENST00000624461.3	2229	121	0.32948	8.507006263732912	1	82	0.268454	noncoding
SRR31451025.111711-2	2819	121	0.33929	8.507006263732912	1	804	0.301991	noncoding
ENST00000623190.1	2139	76	0.32080000000000003	9.046735572814942	1	1003	0.0489996	noncoding
SRR31451025.277026	1246	37	0.37216000000000005	6.6983842849731445	1	836	0.00955277	noncoding
SRR31451025.247683	629	37	0.37754	6.6983842849731445	1	217	0.00990483	noncoding
SRR31451034.74975	630	39	0.44364999999999993	7.8139066696167	1	465	0.0199331	noncoding
ENST00000700801.1	931	171	0.43414	6.036835289001464	1	71	0.991091	coding
ENST00000689141.1	751	130	0.42679000000000006	5.776967430114746	1	63	0.889475	coding
ENST00000691834.1	1394	65	0.34471	4.324219703674317	1	71	0.0945038	noncoding
SRR31451020.49397	513	75	0.37181	9.604193687438965	1	1	0.0806325	noncoding
SRR31451032.99269	648	48	0.37265000000000004	8.612283134460451	1	192	0.0199948	noncoding
ENST00000667777.1	251	31	0.34737	10.763012886047363	1	108	0.0148149	noncoding
SRR31451039.92154	1284	47	0.35472	4.93575038909912	1	460	0.0258418	noncoding
ENST00000437238.6	1456	54	0.34047	7.617413902282716	1	140	0.0190789	noncoding
ENST00000420877.2	631	92	0.40579000000000004	7.594166755676271	1	10	0.235444	noncoding
ENST00000448948.1	1315	82	0.2849	4.184168434143066	1	8	0.257262	noncoding
SRR31451034.22113	1024	60	0.36410000000000003	11.547335243225099	1	313	0.0435139	noncoding
ENST00000312214.5	2460	228	0.39334	8.517192268371584	1	163	0.997123	coding
ENST00000421685.2	2060	75	0.34243999999999997	8.906258964538573	1	35	0.0553522	noncoding
SRR31451031.120503	1303	75	0.36585	10.683458900451662	1	297	0.0808947	noncoding
ENST00000655090.1	626	39	0.41932	6.491092491149902	1	235	0.0159867	noncoding
ENST00000660836.1	712	38	0.35513	5.3024187088012695	1	195	0.0129341	noncoding
SRR31451025.214645	2190	59	0.31494	6.087308311462402	1	1173	0.0277547	noncoding
ENST00000668487.1	351	42	0.35107	4.906819343566894	1	59	0.0190585	noncoding
SRR31451019.122474	1171	35	0.37342	6.036892127990721	1	621	0.00958907	noncoding
SRR31451017.174138	1758	94	0.40543	5.889053916931151	1	27	0.356761	noncoding
ENST00000360656.4	583	54	0.34304999999999997	10.029362678527832	1	405	0.0290957	noncoding
SRR31451020.300561	840	101	0.40383	8.877828407287598	1	498	0.325708	noncoding
SRR31451031.35864	874	101	0.41735999999999995	8.877828407287598	1	541	0.379243	noncoding
SRR31451039.22225	1258	217	0.46416	5.5607519149780265	1	90	0.999757	coding
SRR31451024.227745	935	126	0.4602	5.305317497253417	1	84	0.910871	coding
ENST00000612193.1	1309	286	0.44848	5.41825656890869	1	51	0.999998	coding
ENST00000425081.3	601	32	0.35712	8.858681297302244	1	304	0.00909885	noncoding
ENST00000690262.2	1270	58	0.33330000000000004	11.212421989440916	1	246	0.0357441	noncoding
ENST00000413077.3	463	27	0.37068999999999996	4.1238622665405265	1	216	0.0134226	noncoding
SRR31451025.61538	446	27	0.44256999999999996	4.1238622665405265	1	199	0.0247481	noncoding
ENST00000570712.3	993	42	0.3823	5.604915809631348	1	216	0.0179219	noncoding
ENST00000399540.2	852	78	0.34964	5.617647743225096	1	120	0.102965	noncoding
ENST00000443997.1	745	42	0.35599000000000003	10.953259086608885	1	355	0.0229857	noncoding
SRR31451017.45218	355	42	0.37283	10.953259086608885	1	89	0.0249848	noncoding
ENST00000580180.6	843	80	0.31345	10.453242301940914	1	328	0.0605786	noncoding
ENST00000475947.7	910	80	0.32554	10.453242301940914	1	379	0.0660815	noncoding
ENST00000470491.7	1067	96	0.34369000000000005	11.637590980529787	1	65	0.106309	noncoding
SRR31451020.323814	915	80	0.30160000000000003	10.453242301940914	1	400	0.0566681	noncoding
SRR31451025.184887	961	80	0.35572000000000004	10.453242301940914	1	446	0.0871971	noncoding
SRR31451042.66985	842	80	0.34215	10.453242301940914	1	313	0.0762784	noncoding
ENST00000481027.5	1041	80	0.31369	10.453242301940914	1	510	0.0606729	noncoding
ENST00000581913.5	984	80	0.31369	10.453242301940914	1	453	0.0606729	noncoding
ENST00000655540.1	865	80	0.34215	10.453242301940914	1	334	0.0762784	noncoding
ENST00000660462.1	988	80	0.33030000000000004	10.453242301940914	1	457	0.0686792	noncoding
SRR31451017.204133	931	80	0.30160000000000003	10.453242301940914	1	400	0.0566681	noncoding
SRR31451020.290146	852	80	0.35259	10.453242301940914	1	321	0.0844476	noncoding
SRR31451028.40450	852	80	0.35259	10.453242301940914	1	321	0.0844476	noncoding
SRR31451039.51719	718	80	0.35681999999999997	10.453242301940914	1	187	0.0881987	noncoding
SRR31451040.151554	973	80	0.35107	10.453242301940914	1	442	0.0831647	noncoding
SRR31451037.67877	976	80	0.36358999999999997	10.453242301940914	1	445	0.0947924	noncoding
SRR31451040.123277	1917	349	0.44087	5.856769371032715	1	219	1	coding
SRR31451019.83721	1424	104	0.41559999999999997	11.322405052185058	1	99	0.37317	noncoding
ENST00000413270.2	3220	120	0.34915999999999997	11.533216667175292	1	427	0.222482	noncoding
SRR31451017.114236	2470	74	0.35575999999999997	9.745959663391112	1	1206	0.0665133	noncoding
SRR31451020.51011	565	43	0.44112999999999997	11.885471916198728	1	425	0.0511703	noncoding
ENST00000656070.1	907	70	0.40145	9.851236534118652	1	191	0.0947125	noncoding
ENST00000651170.1	1738	252	0.44458000000000003	5.032945060729981	1	929	0.999983	coding
SRR31451025.37207	1218	166	0.41013	5.925146675109862	1	667	0.982877	coding
SRR31451017.202752	1218	166	0.39323	5.925146675109862	1	667	0.975826	coding
ENST00000417404.2	407	105	0.45704	6.541053962707521	1	39	0.602666	coding
SRR31451020.7579	536	56	0.45332	10.963251686096193	1	265	0.125297	noncoding
SRR31451028.93509	496	56	0.45941999999999994	10.963251686096193	1	225	0.141025	noncoding
SRR31451029.34272	241	35	0.44073	9.521158409118652	1	49	0.0258593	noncoding
SRR31451018.85942	529	80	0.4067	4.949960136413574	1	2	0.279714	noncoding
ENST00000592381.1	1075	49	0.3407	7.938975334167481	1	426	0.0154243	noncoding
ENST00000301665.9	816	188	0.37201	6.416008186340332	-1	251	0.148423	noncoding
ENST00000670968.1	789	188	0.37201	6.416008186340332	-1	224	0.148423	noncoding
ENST00000579244.1	434	42	0.31422	11.875414848327637	1	47	0.0221782	noncoding
ENST00000398275.6	527	52	0.39721	6.516897392272949	1	253	0.0288541	noncoding
ENST00000574741.1	1343	145	0.35152000000000005	11.999967765808105	1	52	0.32745	noncoding
ENST00000691236.2	470	60	0.41619	5.425475120544433	1	231	0.0807156	noncoding
ENST00000523083.1	547	111	0.31402	8.71188678741455	1	98	0.159053	noncoding
SRR31451042.54023	1927	55	0.32156999999999997	5.401830101013183	1	272	0.0291269	noncoding
SRR31451024.188880	1957	55	0.32077	5.401830101013183	1	302	0.0291344	noncoding
ENST00000591313.7	658	40	0.30245	9.00502452850342	1	524	0.0124749	noncoding
ENST00000655517.1	1973	85	0.37168	6.988035774230957	1	897	0.123149	noncoding
SRR31451042.80521	570	38	0.31193000000000004	4.433748435974121	1	223	0.0195134	noncoding
SRR31451039.158067	856	62	0.30591	4.5550428390502935	1	437	0.0678491	noncoding
SRR31451031.130687	767	38	0.35079	4.433748435974121	1	420	0.0191421	noncoding
ENST00000430983.6	1012	120	0.37578999999999996	7.865545845031739	1	89	0.465204	noncoding
ENST00000684992.1	806	38	0.30792	4.433748435974121	1	459	0.0202088	noncoding
ENST00000685100.1	1540	120	0.38281	7.865545845031739	1	617	0.497242	noncoding
ENST00000689168.2	842	43	0.32844	11.832027626037597	1	97	0.0221451	noncoding
ENST00000690715.2	1377	123	0.29955	8.787701606750488	1	445	0.196406	noncoding
SRR31451029.155027	773	47	0.34767	6.236112785339355	1	70	0.0155338	noncoding
ENST00000397713.6	1221	125	0.32077	7.770140266418458	1	62	0.305435	noncoding
SRR31451033.21985	641	49	0.37671999999999994	6.702363014221191	1	43	0.0195335	noncoding
ENST00000692407.1	2737	96	0.31767	5.856428337097167	1	1272	0.175013	noncoding
SRR31451035.61454	484	79	0.43582000000000004	4.513664054870605	1	227	0.398784	noncoding
SRR31451017.22219	838	79	0.35745	4.513664054870605	1	589	0.198736	noncoding
SRR31451025.316379	2046	64	0.29890000000000005	6.805184745788575	1	1767	0.0296348	noncoding
ENST00000647652.1	1604	72	0.35443	9.098890495300292	1	1059	0.0558215	noncoding
SRR31451017.120366	1621	72	0.34575	9.098890495300292	1	1076	0.0515243	noncoding
ENST00000649793.2	2142	109	0.30518	11.527865791320803	1	227	0.104466	noncoding
ENST00000670737.3	754	60	0.32826	10.016791343688965	1	280	0.0333171	noncoding
ENST00000661348.3	1760	60	0.31594	10.016791343688965	1	181	0.031584	noncoding
SRR31451042.27656	1264	264	0.47924999999999995	4.547540092468262	1	199	0.999995	coding
ENST00000655952.2	1621	101	0.31055000000000005	9.545720863342286	1	636	0.108186	noncoding
ENST00000563192.2	344	9	0.31956	4.0500284194946286	1	51	0.00436106	noncoding
SRR31451028.37905	963	192	0.41917	9.758144187927243	-1	387	0.243722	noncoding
SRR31451034.72566	307	48	0.37448000000000004	4.830996131896971	-1	164	0.0191399	noncoding
SRR31451033.102160-1	435	28	0.36107999999999996	7.857036018371582	1	83	0.00590383	noncoding
ENST00000686287.1	394	99	0.39566	11.510781669616701	-1	98	0.189511	noncoding
SRR31451023.31966	543	79	0.42567	6.811380195617676	1	137	0.168084	noncoding
SRR31451024.268526	619	79	0.43395	6.811380195617676	1	213	0.180846	noncoding
SRR31451021.110190	758	194	0.46089	6.048828315734863	1	7	0.998481	coding
SRR31451022.64763	759	194	0.46089	6.048828315734863	1	8	0.998481	coding
SRR31451027.217830	483	79	0.44303	6.811380195617676	1	89	0.194063	noncoding
SRR31451040.148052	755	194	0.45996000000000004	6.048828315734863	1	16	0.998474	coding
SRR31451032.5663	759	194	0.45996000000000004	6.048828315734863	1	20	0.998474	coding
SRR31451017.121915	1897	194	0.34883	6.048828315734863	1	1158	0.984723	coding
ENST00000502066.7	1193	46	0.29413	5.537675285339354	1	704	0.0202212	noncoding
ENST00000559598.7	855	46	0.37103	5.537675285339354	1	547	0.02122	noncoding
ENST00000660344.2	546	85	0.41076999999999997	5.045563316345214	1	136	0.348183	noncoding
SRR31451026.61087	408	85	0.38047	5.045563316345214	1	9	0.259587	noncoding
SRR31451026.35108-1	517	59	0.31661	7.659872627258301	1	153	0.0218961	noncoding
ENST00000565768.3	454	47	0.43982000000000004	5.477084922790527	1	193	0.0412337	noncoding
ENST00000686205.1	270	40	0.42813	7.366640281677246	1	1	0.0174683	noncoding
ENST00000621378.3	833	66	0.39872	9.237304115295409	-1	635	0.0841615	noncoding
SRR31451033.102160-1	430	32	0.31843	7.998221778869628	1	115	0.00698069	noncoding
